Country	Albania	Algeria	Armenia, Rep. of	Australia	Austria	Azerbaijan, Rep. of	Belarus, Rep. of	Belgium	Bosnia and Herzegovina	Brazil	Bulgaria	Canada	Central African Rep.	Chile	China, P.R.: Hong Kong	China, P.R.: Mainland	Colombia	Congo, Rep. of	Costa Rica	Croatia, Rep. of	Cyprus	Czech Rep.	Denmark	Ecuador	El Salvador	Estonia, Rep. of	Ethiopia, The Federal Dem. Rep. of	Euro Area	Finland	France	Gabon	Georgia	Germany	Ghana	Greece	Guatemala	Hungary	Iceland	Iran, Islamic Rep. of	Ireland	Israel	Italy	Japan	Jordan	Kazakhstan, Rep. of	Korea, Rep. of	Kosovo, Rep. of	Kyrgyz Rep.	Latvia	Lithuania	Luxembourg	Malaysia	Malta	Mauritius	Mexico	Montenegro	Morocco	Netherlands, The	New Zealand	Nicaragua	North Macedonia, Republic of	Norway	Oman	Paraguay	Philippines	Poland, Rep. of	Portugal	Romania	Russian Federation	Senegal	Serbia, Rep. of	Slovak Rep.	Slovenia, Rep. of	South Africa	Spain	Sudan	Sweden	Switzerland	Thailand	Trinidad and Tobago	Tunisia	Turkey	Ukraine	United Kingdom	United States	Uruguay	Uzbekistan, Rep. of	Vietnam	West Bank and Gaza	Zambia	Advanced Economies
Base Year	2010	2010	2010	2010	2010	2010	2010	2010		2010	2010	2010	2005	2010	2010		2010	1985	2010	2010	2010	2010	2010	2010	2010	2010	2010	2010	2010	2010	1985	2010	2010	2010	2010	1985	2010	2010	2010	2010	2010	2010	2010	2010	2010	2010	2010	2010	2010	2010	2010	2010	2010	2010	2010	2010	2010	2010	2010	2010	2010	2010	2010	2010	2010	2010	2010	2010	2010	2010	2010	2010	2010	2010	2010	1975	2010	2010	2010	2010	2010	2010	2010	2010	2010	2010	2010	2010	2010	1990	
1970				12.22	42.89			27.95				19.53	10.83				0.18	21.36					16.63						16.39		21.49		37.62			27.35	4.70			15.62			56.38			7.63												35.84	7.15																	56.37	13.02	54.74	11.03					8.69	19.96					0.56	
1971				12.83	45.12			27.77				19.90	11.39				0.21	21.52					17.17						17.22		22.36		39.21			27.91	4.81			16.45			55.93			8.28												37.97	7.68																	53.94	13.32	56.91	11.06					9.48	20.62					0.59	
1972				13.44	46.88			28.91				20.79	12.10				0.24	24.26					18.18						18.66		23.46		40.25			27.72	4.91			18.21			56.83			9.44												39.80	8.22																	58.85	13.93	59.23	11.93					9.97	21.53					0.64	
1973				14.60	47.47			32.47				23.10	12.39				0.31	25.55					20.85						21.94		25.14		42.92			31.67	5.05			21.56			65.77			10.09												42.27	9.26																	68.06	15.50	64.28	14.66					10.72	24.36					0.67	
1974				16.84	54.66			37.91				27.49	14.84				0.42	29.46					25.36						27.28		30.78		48.67			38.88	5.22			24.08			83.86			14.34												46.05	10.01																13.27	86.57	19.34	73.26	18.89					13.11	28.94					0.77	
1975				19.37	58.15			38.38				30.62	17.64				0.53	33.58					26.81						30.99		35.41		50.93			43.68	5.77			30.14			86.24			18.14												48.82	11.34																14.48	100.00	20.62	74.15	19.59					16.11	31.62					0.89	
1976				21.56	61.54			41.11				32.18	18.48				0.65	38.10					28.96						33.53		41.55		52.81			48.26	6.04			35.68			90.94			20.34												52.20	13.87																16.40		22.45	73.38	20.37					18.77	33.09					1.07	
1977				23.76	63.40			42.10				34.69	19.93				0.82	42.79					31.10						36.92		47.54		54.27			54.55	6.16			42.01			93.99			22.18												55.07	16.16			19.43				0.05									19.72		24.59	73.32	21.95					22.33	35.12					1.33	
1978				25.71	64.01			41.31				37.90	21.43				0.97	47.00					32.44						38.97		51.78		54.89			56.51	6.39			45.80			93.53			24.77												55.88	18.02			20.21				0.06									22.96		26.56	72.33	23.59					24.34	37.85					1.59	
1979				29.51	66.70			43.90				43.41	24.39				1.24	50.96					35.66						42.77		54.85		57.52			62.28	6.52			51.23			98.20			29.41												57.31	21.21			21.67				0.06									26.29		29.71	73.71	26.24	21.55				27.21	42.60					1.84	
1980				33.65	72.44			46.44				49.22	28.31				1.54	58.39					41.83						49.77		63.44		61.87			72.30	7.52			56.82			112.87			40.87					51.04							61.54	26.05			24.56				0.06								7.04	30.87		33.89	77.00	31.51	25.72				31.54	48.61					2.17	
1981				36.49	78.25			52.98				54.24	32.45				1.91	66.18				23.95	48.37					52.36	56.15		69.94		66.72			80.79	8.00			66.28		35.31	114.42			49.21					56.49				0.12			66.90	30.44			27.14				0.07								7.96	35.70		37.69	81.32	34.51	30.06		0.00		34.92	53.05					2.29	
1982				39.75	80.76			60.11				57.87	37.12				2.40	76.10				25.79	53.54					56.78	60.18		80.23		70.63			75.88	8.38			74.13		39.95	114.92			51.51					66.59				0.18			69.79	35.03			29.45				0.14								8.98	40.14		42.53	84.31	34.83	34.21		0.00		37.90	54.12					2.61	
1983				42.96	81.25			64.15				59.88	40.39				2.92	81.93				25.62	56.21					59.77	63.53		86.65		71.66			76.79	8.77			78.98		44.34	114.23			51.59					69.88				0.36			70.30	36.94			31.36				0.17								9.88	45.77		47.26	85.26	35.54	38.49		0.01		40.36	54.80					3.19	
1984				45.28	84.28			69.00				62.60	42.77				3.46	93.83				27.75	60.44					63.42	66.93		92.85		73.73			81.12	9.24			84.79		48.91	114.32			51.97					74.19	47.09			0.60			73.10	39.56			33.53				0.19								10.73	51.35		50.91	87.76	34.44	40.46		0.01		42.76	56.11					3.98	
1985				48.27	86.48			70.80			0.28	64.30	45.64				4.32	100.00				28.24	62.06					66.10	69.93		100.00		75.53			100.00	9.69			88.15		52.68	113.42			52.43					76.41	46.11			0.95			75.43	45.65			35.15				0.23								12.39	55.43		53.56	89.54	34.43	42.38		0.01		45.42	55.84					5.51	
1986				50.97	81.93			62.67			0.28	64.86	47.43				5.27	103.65				28.11	57.86					64.43	66.31		102.28		73.63			142.94	9.90			87.09		52.77	108.11			51.67					74.48	43.25			1.77			67.76	48.27			33.96				0.26								14.73	55.95		52.07	88.41	34.28	45.11		0.02		46.02	54.22					11.36	
1987				54.70	80.30			59.56			0.28	66.67	47.77				6.59					28.11	57.76					63.67	66.89		104.55		71.80				10.18			88.50		54.35	104.74			51.90					69.63	44.85			4.27			66.02	52.10			35.18				0.33								16.85	56.41		53.52	87.77	36.32	46.99		0.02		47.60	55.65					22.88	
1988				59.65	80.10			60.54			0.29	69.55	46.77				8.45					28.18	60.03					64.95	69.61		109.68		72.70				10.73			92.14		56.28	104.17			53.31					71.47	48.14			8.76			66.70	54.82			36.79				0.53								19.20	58.10		56.36	89.65	39.30	49.79		0.04		49.35	57.89					24.02	
1989				62.69	81.52			64.51			0.29	70.97	48.62				10.83					28.18	63.47					67.64	73.09				74.99				12.34			96.54	28.74	59.58	106.13			54.10					76.91	50.08			9.76			69.86	58.71			38.77				1.70								22.17	60.53		60.71	92.51	41.11	54.23		0.06		51.71	60.76					46.05	
1990				66.43	83.86			63.87			0.32	71.17	49.41				13.71					29.38	64.15					69.45	75.54				76.28				14.99			94.99	32.06	62.05	107.72			56.36					75.35	50.41			11.88			68.38	61.43			40.31				12.08		0.03						24.79	61.83		63.56	94.66	42.53	55.00	46.17	0.09		54.94	62.92					100.00	
1991				67.40	84.58			63.20			1.27	70.43	48.84				17.50		11.08	0.26		50.34	64.74					71.24	75.75				78.10				20.14			95.81	37.21	64.12	108.85			59.02					73.41	52.45			14.45			68.68	61.95			41.27				18.16		0.09				43.56		27.60	62.78		64.43	95.89	45.41	55.10	48.66	0.14		57.90	63.06					193.04	
1992				68.43	84.38			62.07			0.50	70.76	48.97				21.02		13.12	2.43		55.34	64.02					72.31	76.59				79.22				22.15			97.37	40.99	65.34	107.86			60.30			17.53		71.44	53.03			16.23			67.83	63.23			41.09				23.19		0.28	0.04			45.87	32.18	29.69	63.60		63.60	96.59	45.52	55.53	50.46	0.23	0.00	59.70	63.44					447.22	
1993				69.80	84.03			60.49			0.09	73.32	48.25		86.70		24.01		13.80	39.10		62.55	63.69					73.36	78.85				79.35				25.24			101.86	44.35	67.80	106.18			61.21		2.57	38.05	28.06	70.49	53.80			17.44			66.55	64.79		32.16	40.68			38.16	30.66		0.74	0.43			53.76	39.17	31.63	65.21		67.58	97.01	45.33	58.50	52.82	0.36	0.12	62.07	64.37						
1994				70.34	85.16			61.46			1.06	77.76			88.50		28.13		15.61	69.45		64.14	64.44			44.27		74.85	79.90				79.82				28.33			103.00	47.85	70.31	104.44			62.87		8.10	44.46	40.62	71.54	56.42			18.50			67.05	65.66		60.95	41.20			39.73	39.89		1.78	1.86			59.12	46.10	34.41	67.99		70.80	96.56	47.13	61.66	54.62	0.80	1.50	63.62	65.20						
1995				72.88	85.43			63.47		24.45	1.66	83.54			90.95		33.22		19.34	69.96		68.09	66.29			55.60		78.08	80.43				81.21		56.42		36.41			105.63	52.96	75.84	103.56		14.98	65.81		9.87	49.74	52.12	74.34	59.53			25.65			68.84	66.18		63.82	42.26			41.42	50.08		2.40	6.26			64.45	51.98	38.02	72.32		76.26	96.48	50.98	63.87	57.71	1.49	8.81	66.18	67.53						
1996				73.50	85.43			64.84		25.99	3.86	83.88			90.86		38.22		22.43	70.91		71.34	67.02			63.83		78.32	79.67				80.22		59.66		44.36			106.30	57.52	77.28	101.84		18.56	67.95		12.14	56.55	61.12	72.03	60.89			34.34			69.87	66.57		63.77	43.18		28.90	43.10	56.68		3.60	9.44			67.11	55.51	41.23	73.54		74.92	94.78	51.92	65.71	59.87	2.62	13.38	67.91	69.12						
1997		61.56	57.12	74.41	85.75			67.23		28.11	41.32	84.48	74.41		90.60		44.11		25.03	72.53		74.86	68.27			69.17		79.13	80.91				81.16		61.71		53.36		18.44	105.70	61.14	78.28	102.51		21.44	70.52		15.33	58.88	63.70	73.10	62.48			40.37		72.25	72.08	66.84		66.42	43.77		29.24	44.63	63.59		9.26	10.86			70.13	58.89	44.59	74.29		75.80	94.09	54.54	66.98	61.31	4.77	14.41	68.57	69.07						
1998	68.51	64.05	65.47	71.47	85.30			65.96		29.10	48.35	84.80	74.38		88.94		51.76		27.24	71.65		78.49	67.90	14.98		72.10		78.65	79.73			45.47	80.83		63.48		59.46		21.89	106.61	63.69	78.36	100.96		21.62	79.13		16.55	59.98	58.96	74.87	69.22			46.81		70.31	70.23	67.28		69.22	44.02		33.59	49.48	68.20		12.33	11.62			72.41	62.42	46.56	73.80		75.36	92.93	61.19	67.95	63.26	8.19	16.31	68.61	67.36						
1999	70.01	66.12	69.31	70.81	84.58			65.98		33.93	49.70	86.32	75.29		87.53		56.84		30.00	73.50		79.29	68.24	25.01	66.75	71.22		78.09	79.55	82.08		51.96	80.02		65.00		62.45		26.91	107.59	68.19	78.16	99.48		25.70	77.49		25.43	57.58	59.83	71.98	66.96			53.48		70.75	70.49	67.95		69.94	45.38		35.37	52.95	71.98		17.82	18.47			75.17	63.74	48.85	74.31		76.22	92.01	58.30	69.11	63.50	12.53	21.38	68.99	67.92						
2000	73.46	67.64	69.02	75.88	88.00		11.53	72.95		40.08	58.41	89.99	80.09		87.71		64.34		33.29	80.59	68.90	83.16	72.29	54.79	71.33	74.68		83.14	85.25	85.66		54.96	82.65		68.42		69.18		31.28	113.78	70.67	82.86	99.53		35.46	79.10		33.00	57.94	71.70	74.72	69.04	111.76		57.67		77.32	79.15	73.14		77.52	48.52		40.57	59.55	77.53	83.19	27.34	27.07			82.53	68.64	52.11	78.34		80.65	92.88	60.59	70.01	65.62	18.98	25.84	69.97	71.85						
2001	69.46	70.35	69.77	78.19	88.22		19.66	74.52		45.13	60.56	90.87	87.24		86.30		70.39		36.24	80.30	70.45	85.50	75.08	64.25	72.05	77.30		86.11	84.94	87.54		56.66	85.12		70.90		73.33		34.69	115.68	70.59	84.28	97.26		35.59	78.72		36.01	58.59	69.10	75.52	69.40	112.91		60.57		75.91	79.77	77.51		79.59	47.11		42.94	68.57	78.82	85.71	37.75	32.26			87.98	74.77	56.06	79.64		82.24	93.33	62.10	70.64	67.74	30.68	28.08	70.06	72.64	32.09					
2002	73.94	72.48	72.28	78.36	87.22		27.28	74.69		52.65	61.34	90.93	94.75		83.96		74.11		39.02	79.98	72.01	85.05	76.50	67.34	70.60	76.47		85.14	83.90	87.96		60.24	84.62		72.52		73.15		39.36	114.37	73.32	84.33	95.24	52.34	35.67	78.50		37.93	58.85	66.44	74.75	68.88	110.33		63.66		74.97	78.70	77.61		78.98	45.56		51.48	69.96	79.73	86.15	46.46	35.62			89.80	78.44	63.60	79.92		82.18	92.88	63.14	71.06	69.83	46.05	28.94	69.78	70.98	42.33					
2003	78.51	75.27	78.68	78.74	87.17		36.83	73.77		67.15	64.37	89.82	98.35		83.67		80.87		43.58	81.03	74.31	84.77	76.19	69.29	72.72	76.62		86.15	83.79	88.51		62.25	86.06		74.21		74.50		45.52	105.11	76.50	85.10	94.44	53.68	38.99	80.20		40.06	60.86	66.17	75.45	72.05	104.43		68.42		75.97	79.27	77.03		79.00	47.19		65.10	76.00	81.87	86.98	55.53	41.46			97.27	80.44	65.03	80.49		82.18	92.88	65.67	71.70	71.48	57.82	31.17	69.92	74.77	58.81					
2004	87.00	78.59	68.26	81.86	88.67		45.56	79.42		74.18	68.21	92.69	97.81		85.56		85.05		50.87	83.75	77.31	89.57	78.01	73.03	77.48	78.82		87.58	85.11	90.16		65.15	87.47		76.85		77.50		53.18	102.58	80.65	87.03	95.64	56.92	45.51	85.07		43.59	65.77	71.18	83.14	77.07	101.01		74.29		79.77	82.25	78.49		79.72	52.73		68.86	85.15	87.71	89.27	66.14	51.14			99.04	83.97	66.56	83.03		82.75	93.51	70.08	74.20	73.48	66.24	37.51	71.73	79.39	67.45					
2005	91.38	81.31	73.43	86.74	91.42		51.09	84.22		78.31	73.60	94.22	100.00		86.24		87.72		58.66	87.38	81.37	92.27	84.16	76.12	84.51	80.50		90.81	88.31	92.85		70.00	91.27		81.36		80.76		58.21	102.50	85.69	90.11	97.23	62.30	56.29	86.88		44.95	70.99	80.56	88.29	82.36	100.40		77.79	81.20	87.04	87.52	82.12		82.24	61.44		75.04	92.84	88.35	92.20	73.07	61.66			102.50	86.28	68.97	86.77		86.05	94.53	76.47	75.89	76.51	70.15	43.78	77.40	85.20	65.71		60.98			
2006	92.05	83.28	74.11	93.62	92.96	62.61	55.47	89.39		78.94	83.08	96.36			88.20		91.38		66.81	88.66	85.54	93.72	90.43	78.48	88.52	84.04	46.98	94.89	93.33	95.80		77.57	96.21		87.32		86.74	60.25	65.29	103.32	90.57	94.14	99.34	72.13	66.67	87.67		52.10	78.24	86.26	93.89	87.86	106.26		82.13	84.25	92.21	92.03	87.21	65.55	87.87	69.32		80.37	103.22	90.30	96.71	77.97	69.31			105.85	88.36	74.30	91.19		90.42	96.45	81.88	79.38	82.11	75.97	47.93	82.37	89.18	69.60					90.13
2007	95.35	85.82	74.59	95.82	95.54	73.66	67.24	91.43		83.36	89.37	97.84			90.83		92.32		76.07	91.92	88.36	97.62	92.19	84.61	92.71	90.97	68.38	96.86	97.09	97.84		86.57	97.49	55.41	90.92		87.42	61.34	79.29	101.27	93.69	97.00	101.07	78.70	74.91	88.93		58.23	90.84	91.39	99.45	92.72	101.14	87.86	85.76	91.60	93.84	96.60	89.29	73.43	90.08	69.32		83.33	102.47	92.30	98.92	82.94	79.08			104.59	93.18	82.43	94.09		93.75	98.68	84.51	84.85	84.76	80.76	57.26	83.69	93.46	77.82					92.88
2008	99.35	93.82	76.20	103.76	98.88	90.91	77.47	98.82		94.78	98.60	102.10			95.96		98.98		95.43	98.19	98.02	102.01	103.93	94.58	108.09	97.37	88.83	101.77	102.58	102.37		95.02	102.82	73.01	100.05		92.32	80.38	89.29	99.86	102.69	101.94	105.69	122.92	102.50	96.53		72.99	101.48	107.31	105.54	102.17	99.90	101.08	91.86	106.29	110.69	103.77	98.87	89.39	99.20	85.14	115.39	94.15	106.64	94.66	103.64	93.46	96.01	94.15	82.50	106.90	98.39	94.24	99.49		97.84	101.69	95.01	93.31	94.69	91.03	77.61	96.02	102.63	91.01					100.33
2009	99.73	97.00	81.59	98.12	97.33	73.31	88.03	93.39		94.59	91.80	98.53		81.29	94.35		100.90		97.09	95.93	96.39	98.77	93.15	94.24	95.51	96.78	80.91	97.19	96.00	97.53		89.81	98.53	84.30	94.26		96.45	89.48	90.54	100.30	96.17	97.14	100.14	102.43	79.89	96.33	96.10	81.26	97.24	89.80	95.07	94.69	98.73	97.52	95.96	100.52	93.97	91.78	97.38	87.29	92.02	84.48	80.75	93.86	105.18	97.86	97.07	95.82	89.11	94.25	88.27	99.47	98.00	97.74	96.18		98.95	100.16	91.40	97.38	97.42	92.15	82.73	95.43	93.60	92.93		88.79			95.64
2010	100.00	100.00	100.00	100.00	100.00	100.00	100.00	100.00		100.00	100.00	100.00		100.00	100.00		100.00		100.00	100.00	100.00	100.00	100.00	100.00	100.00	100.00	100.00	100.00	100.00	100.00		100.00	100.00	100.00	100.00		100.00	100.00	100.00	100.00	100.00	100.00	100.00	100.00	100.00	100.00	100.00	100.00	100.00	100.00	100.00	100.00	100.00	100.00	100.00	100.00	100.00	100.00	100.00	100.00	100.00	100.00	100.00	100.00	100.00	100.00	100.00	100.00	100.00	100.00	100.00	100.00	100.00	100.00	100.00		100.00	100.00	100.00	100.00	100.00	100.00	100.00	100.00	100.00	100.00	100.00	100.00	100.00		100.00
2011	102.63	102.14	107.75	103.39	104.06	123.91	171.39	108.91		109.44	109.58	106.94		112.17	108.31		108.83		109.46	107.13	105.04	105.52	108.60	105.48	106.05	104.44	142.51	105.15	105.59	104.56		112.82	105.26	119.95	107.44		104.22	109.18	137.86	100.68	107.76	104.77	101.43	114.70	127.23	106.71	104.55	121.80	107.62	114.72	108.54	112.32	102.15	108.93	105.22	103.60	114.80	110.90	104.72	120.92	111.87	116.28	123.30	112.63	100.92	107.49	105.82	107.10	117.71	107.56	112.83	104.60	103.78	112.04	106.45		100.38	98.80	105.45	102.84	105.82	111.09	119.06	109.13	103.87	115.93	119.63	118.43	103.63		106.18
2012	103.78	104.84	115.27	102.89	104.97	139.89	301.59	112.97		115.89	114.05	108.12		104.81	108.44		108.75		113.59	112.81	112.25	107.79	111.11	108.48	110.36	106.85	147.32	107.61	107.03	106.97		114.65	106.97	140.09	112.74		108.52	110.32	171.88	102.53	112.43	108.52	100.56	120.10	131.73	107.45	106.55	119.19	111.62	119.46	108.80	111.79	100.74	112.42	110.10	105.59	118.14	111.36	105.76	128.10	113.40	119.47	130.05	116.33	100.33	110.96	109.75	112.90	125.19	112.52	120.57	106.42	104.83	115.72	110.05		99.40	98.34	106.52	107.11	111.23	117.85	123.40	111.70	105.80	123.38	136.96	122.50	106.27		108.01
2013	103.33	105.04	120.72	104.01	104.05	134.40	343.09	112.40		122.76	112.19	108.56		100.69	105.07		107.35		116.39	112.54	109.94	108.64	112.91	109.75	111.29	111.24	153.25	107.07	106.63	106.96		112.36	106.90	154.62	112.00		109.35	105.51	236.39	102.11	112.90	107.34	101.81	117.03	131.28	105.73	109.10	111.94	113.62	115.79	105.02	108.77	97.72	117.75	111.60	107.47	115.93	110.09	107.36	133.85	111.85	120.25	127.46	116.90	92.74	109.51	109.05	115.26	129.64	109.47	123.15	105.37	105.14	122.66	109.98		96.62	98.53	106.85	109.14	113.20	123.13	123.34	115.34	107.25	128.25	153.03	128.93	107.21		107.35
2013Q1	103.40	104.70	121.28	103.05	104.67	138.41	332.63	114.21	104.86	120.88	114.18	108.96		104.49	109.89		107.22		116.09	113.83	111.72	109.01	112.18	109.16	111.52	111.01		107.82	107.20	108.06		114.47	107.51	146.49	113.03		110.08	111.78	215.12	102.07	114.19	107.88	100.81	120.31	134.01	106.30	111.27	118.96	113.06	118.72	106.87	108.56	97.77	117.16	111.32	107.81	116.89	111.42	105.94	131.87	113.02	119.02	129.80	114.94	93.25	109.90	109.76	116.20		109.68	122.84	106.26	105.16	127.95	110.84		97.19	98.59	106.81	107.98	112.26	119.86	120.83	114.50	106.82	124.75	145.52		107.18		
2013M01	103.57		123.08		104.74	138.67	329.37	114.04	105.06	120.77	113.82	107.99		105.27		103.69	106.47		115.70	113.62	111.79	109.01	111.65	108.49	111.48	110.48		107.79	106.70	107.75		114.29	107.75	144.11	112.14		109.26	114.43	206.18	101.75	113.55	107.81	100.50	120.10	132.41	105.96		118.68	113.14	118.19	107.00	107.89	97.99	116.12	110.95	107.73	115.31	111.15		130.85	112.77	118.22		116.25	93.29	109.80	109.90	116.07	127.35	109.71	122.67	106.62	105.06	129.59	111.16		97.81	98.66	106.77		111.66	119.64	121.18	113.21	106.39	124.35	144.33				
2013M02	103.39		121.10		104.74	142.11	333.22	114.35	105.69	120.87	114.80	109.59		105.63		103.89	107.07		116.27	113.93	111.99	109.01	112.51	109.21	111.58	110.80		107.89	107.30	108.17		114.81	107.54	147.78	114.11		109.58	111.25	218.37	101.75	114.45	107.91	100.92	119.84	134.84	106.68		121.02	112.91	119.89	107.00	109.59	97.32	117.61	111.37	107.93	116.12	111.97		132.13	113.40	118.88		114.68	93.59	110.10	110.00	116.46	128.36	109.53	122.80	106.03	105.03	130.40	111.37		97.42	98.56	106.97		112.06	119.49	119.28	115.00	106.88	124.65	145.59				
2013M03	103.57		120.30		104.54	134.45	335.28	114.25	103.59	121.02	113.93	109.29		102.60		103.79	108.11		116.30	113.93	111.39	109.01	112.40	109.78	111.49	111.76		107.79	107.60	108.27		114.32	107.23	147.56	112.84		111.41	109.66	220.82	102.71	114.56	107.91	101.02	121.00	134.78	106.26		117.16	113.14	118.09	106.59	108.19	97.99	117.76	111.64	107.79	116.53	111.15		132.63	112.88	119.97		113.89	92.86	109.80	109.38	116.07	128.97	109.81	123.05	106.13	105.37	131.54	109.98		96.34	98.56	106.67		113.06	120.46	121.98	115.30	107.18	125.26	146.62				
2013Q2	103.70	104.30	119.14	103.15	103.90	128.40	338.64	112.39	103.19	120.89	112.05	108.22		98.62	105.17		107.44		116.31	112.88	110.78	108.31	112.65	109.92	111.31	111.62		106.96	106.77	106.37		112.77	106.88	147.92	111.42		109.33	103.80	228.92	102.67	112.05	107.53	101.50	117.82	127.62	105.68	109.27	113.68	113.59	114.76	105.27	107.16	98.12	117.63	111.46	107.64	113.81	109.78	106.55	134.45	112.17	118.37	127.75	114.90	92.88	109.33	108.38	115.20		110.18	122.84	105.76	105.28	129.97	109.27		95.46	98.63	107.07	109.49	113.43	121.23	126.43	115.60	107.08	124.62	149.53		106.09		
2013M04	101.95		119.19		104.23	127.77	337.42	112.70	103.49	120.54	112.95	108.19		98.56		103.29	107.35		116.45	113.62	111.28	108.48	112.72	110.45	111.56	111.55		107.16	106.90	107.23		113.37	107.13	147.53	111.42		110.12	103.20	224.38	102.71	112.20	107.50	101.43	119.46	131.71	105.93		117.55	113.25	115.39	105.47	107.29	97.42	117.78	111.36	107.73	113.47	110.12		134.89	112.66	120.19		114.34	92.68	109.00	108.24	115.26	127.25	110.73	122.80	106.13	105.36	132.03	108.70		95.36	98.75	106.67		113.56	119.85	124.98	116.10	107.08	124.55	147.88				
2013M05	101.87		119.55		103.83	128.59	338.90	112.29	103.07	120.55	111.76	108.09		98.86		102.59	107.07		116.39	112.77	110.57	108.17	112.29	109.18	111.34	110.26		106.96	106.80	106.09		113.36	106.81	148.48	111.50		108.72	103.81	228.87	103.24	111.41	107.40	101.53	117.50	125.99	105.56		112.14	113.70	114.79	105.27	106.59	98.18	117.65	111.29	107.60	112.55	109.81		133.55	111.08	117.57		114.79	92.68	109.10	108.35	115.00	125.72	109.53	122.54	105.73	105.26	132.36	109.56		95.36	98.56	107.87		113.36	121.04	128.88	115.00	106.88	123.42	149.36				
2013M06	101.87		119.31		103.62	128.83	339.59	112.18	102.75	121.58	111.43	108.39		98.46		102.09	107.90		116.09	112.24	110.47	108.27	112.94	110.13	111.03	113.05		106.75	106.60	105.78		111.57	106.71	147.75	111.34		109.15	104.38	233.51	102.07	112.54	107.71	101.53	116.49	125.17	105.54		111.36	113.82	114.09	105.06	107.59	98.75	117.47	111.73	107.60	112.76	109.40		134.93	112.77	117.35		115.57	93.29	109.90	108.55	115.35	126.23	110.27	123.18	105.43	105.21	133.34	109.56		95.66	98.56	106.67		113.36	122.81	125.38	115.70	107.28	125.90	151.33				
2013Q3	102.90	105.40	121.49	104.81	103.90	136.62	344.55	112.05	102.73	123.07	111.43	108.62		99.15	102.46		107.94		116.50	112.38	109.63	108.45	114.01	109.94	111.06	111.44		106.99	106.63	106.61		110.92	106.64	154.70	112.29		109.83	103.25	245.12	102.50	113.06	107.47	102.35	115.31	131.00	105.68	106.87	107.90	113.97	116.16	104.04	108.79	97.48	117.86	111.45	107.26	114.32	110.05	108.88	133.34	111.65	121.24	124.87	117.55	92.39	109.93	109.73	114.94		109.84	123.73	105.11	105.18	132.48	110.27		96.57	98.56	106.41	109.57	113.80	124.43	122.90	116.57	107.54	130.69	155.60		107.28		
2013M07	103.01		119.68		103.73	134.16	342.20	112.60	102.75	121.82	111.32	108.39		97.68		101.69	107.57		116.50	112.14	110.07	108.48	113.37	109.73	111.05	110.58		106.96	106.50	106.51		110.94	106.61	149.22	112.31		109.26	104.17	241.88	102.71	112.43	107.40	102.04	115.17	127.37	105.52		104.90	113.70	116.19	104.65	108.19	97.80	117.92	111.34	107.46	113.06	110.02		133.71	110.98	120.29		116.69	92.19	110.10	109.69	115.03	128.67	109.90	122.80	105.04	105.06	134.32	110.30		96.54	98.56	105.97		114.06	124.03	121.88	116.90	107.57	128.11	154.33				
2013M08	102.98		120.75		103.83	137.59	345.28	111.87	102.75	122.53	111.43	108.89		99.98		101.89	107.87		116.55	112.35	109.97	108.38	114.23	108.88	111.17	111.23		106.96	106.80	106.51		111.15	106.50	152.69	112.41		110.12	101.30	244.52	102.50	113.10	107.50	102.35	115.59	131.31	105.82		108.88	113.93	116.29	103.74	108.79	97.51	117.88	111.26	107.06	113.57	110.12		133.20	111.29	121.38		117.70	93.04	109.80	110.11	114.76	132.02	110.46	124.19	105.04	105.25	135.29	110.20		96.24	98.56	106.07		114.06	124.08	123.28	116.60	107.57	130.68	154.86				
2013M09	103.04		124.67		104.13	138.11	346.16	111.67	102.44	124.86	111.54	108.59		99.79		102.09	108.38		116.44	112.67	108.85	108.48	114.44	111.22	110.98	112.51		107.06	106.60	106.82		110.66	106.81	162.19	112.15		110.12	104.27	248.27	102.28	113.66	107.50	102.66	115.17	134.31	105.70		109.93	114.27	115.99	103.74	109.39	97.13	117.77	111.76	107.26	113.67	110.02		133.11	112.66	122.04		118.26	91.95	109.90	109.38	115.02	133.75	109.16	124.19	105.24	105.23	135.78	110.30		96.93	98.56	107.17		113.26	125.17	123.48	116.20	107.47	133.30	157.63				
2013Q4	103.30	105.75	126.25	105.01	103.73	134.18	356.55	110.95	102.84	126.18	111.11	108.42		100.51	102.76		106.80		116.66	111.08	107.64	108.80	112.79	109.99	111.26	110.90		106.50	105.93	106.78		111.28	106.57	169.39	111.24		108.14	103.23	255.10	101.19	112.31	106.47	102.56	114.69	132.49	105.27	108.97	107.23	113.86	113.52	103.91	110.59	97.51	118.33	112.17	107.17	113.94	109.09	108.07	135.74	110.56	122.36	127.41	120.20	92.45	108.87	108.31	114.69		108.17	123.18	104.35	104.93	134.08	109.56		97.26	98.34	107.11	109.51	113.30	127.02	123.00	114.67	107.54	132.91	161.49		108.29		
2013M10	101.56		126.50		103.83	127.54	352.99	110.95	102.34	125.75	111.11	108.09		100.04		102.09	107.03		116.58	111.50	108.85	107.96	113.26	109.45	111.18	111.66		106.54	106.20	106.40		111.28	106.61	163.72	111.18		108.18	103.40	251.89	101.86	112.65	106.57	102.46	115.54	133.03	105.33		107.57	114.27	113.49	104.14	109.39	97.13	117.86	111.78	107.12	113.16	108.99		132.81	111.08	121.27		119.49	92.25	109.10	108.76	114.66	132.33	108.51	123.18	104.84	105.10	136.43	109.77		96.64	98.37	106.87		113.46	126.03	123.78	115.20	107.77	134.00	160.51				
2013M11	101.74		126.05		103.73	136.44	356.17	110.84	103.07	125.90	111.21	108.19		99.90		102.09	106.80		116.62	110.76	107.13	108.80	112.51	109.22	111.22	111.12		106.44	105.90	106.92		111.33	106.50	166.30	111.19		107.86	104.33	255.64	101.86	111.98	106.47	102.46	114.26	132.38	105.12		108.19	114.04	113.49	103.84	110.19	97.70	118.83	112.13	107.12	112.86	108.99		136.36	110.66	121.93		120.39	92.37	108.80	107.83	114.67	130.40	107.95	122.92	104.25	104.96	136.60	109.02		97.03	98.28	106.77		113.16	126.81	122.18	114.01	107.47	133.49	161.86				
2013M12	101.83		126.86		103.62	138.57	360.48	111.05	102.86	126.89	111.00	108.99		101.61		102.09	106.56		116.78	110.97	106.93	109.63	112.61	111.31	111.40	109.94		106.54	105.70	107.02		111.22	106.61	178.15	111.36		108.39	101.97	257.03	99.84	112.31	106.37	102.76	114.26	132.06	105.36		105.94	113.25	113.59	103.74	112.19	97.70	118.31	112.61	107.26	113.16	109.30		138.05	109.92	123.89		120.73	92.74	108.70	108.35	114.75	132.02	108.05	123.43	103.95	104.72	137.25	109.88		98.11	98.37	107.67		113.26	128.21	122.98	114.80	107.38	131.23	162.09				
2014	102.85	106.13	130.95	107.24	102.91	127.59	386.96	108.50		128.40	110.79	111.26		92.89	103.29		110.47		121.60	109.73	106.83	107.82	111.79	114.00	112.41	109.50	163.12	105.66	105.60	105.54		115.57	105.84	206.43	111.06		108.90	104.81	254.37	100.79	111.36	105.79	105.07	115.06	143.71	105.17	110.87	112.21	114.09	110.70	102.95	110.43	97.14	118.13	114.58	108.09	112.65	108.28	107.44	145.48	109.63	118.56	124.57	120.23	91.89	107.92	106.99	115.12	137.59	108.45	125.03	101.77	104.01	131.74	108.38		98.00	97.72	107.00	111.34	115.51	135.76	144.51	106.84	108.94	141.59	173.99	133.13	108.05		106.29
2014Q1	103.40	105.73	127.95	107.08	103.25	137.77	368.23	110.26	103.08	128.70	110.82	111.72		91.62	103.06		109.18		118.99	110.59	106.32	108.20	112.90	111.87	111.68	109.69		106.09	105.70	106.44		114.10	106.40	183.42	110.88		109.44	99.91	259.46	99.95	112.20	106.30	102.83	116.58	138.98	105.72	109.77	108.90	114.08	112.92	103.63	113.06	97.83	117.95	113.77	107.68	113.19	109.09	109.18	141.30	109.85	122.66	129.86	121.25	92.68	108.57	107.49	115.09		108.26	123.89	102.73	104.15	137.65	107.96		97.65	98.19	108.17	111.18	113.06	134.02	124.60	108.45	108.26	136.65	165.35		108.06		
2014M01	101.83		128.26		103.52	138.16	365.01	110.53	103.70	128.80	111.11	110.59		91.54		101.99	107.53		117.23	110.76	106.22	108.27	112.72	110.88	111.31	110.26		106.33	105.80	106.61		113.78	106.50	178.13	111.70		109.15	100.32	258.14	100.27	112.43	106.37	102.97	117.02	133.92	105.64		105.13	114.04	112.59	104.76	111.89	97.80	117.86	113.21	107.39	112.55	109.30		139.96	109.61	124.43		121.29	92.31	108.70	107.83	115.33	132.53	108.05	123.81	103.36	104.71	138.72	108.60		98.01	98.37	108.07		113.36	132.47	123.58	108.52	107.77	132.48	164.39				
2014M02	102.11		128.39		103.22	138.45	368.42	110.43	103.07	129.22	110.89	111.99		92.59		101.79	109.11		118.92	110.66	106.42	108.27	113.58	112.49	111.82	109.94		106.12	105.90	106.51		114.61	106.50	183.21	110.11		109.90	100.17	259.11	100.05	111.75	106.37	102.76	116.12	135.99	105.78		108.71	114.16	112.79	103.63	113.39	97.80	117.86	114.00	107.73	112.15	109.30		141.50	109.71	123.56		121.51	92.80	108.60	107.62	115.10	132.02	108.32	123.81	102.57	103.89	140.35	107.53		97.52	98.09	108.17		112.86	134.30	123.38	108.42	108.16	139.43	165.16				
2014M03	102.02		127.85		103.02	136.70	371.26	109.81	102.23	129.05	110.45	112.59		90.74		101.48	110.90		120.81	110.34	106.32	108.07	112.40	112.23	111.90	108.87		105.81	105.40	106.19		113.92	106.19	188.93	110.82		109.26	99.25	260.36	99.52	112.43	106.16	102.76	116.60	147.02	105.73		112.86	114.04	113.39	102.51	113.89	97.89	118.14	114.09	107.93	112.25	108.68		142.43	110.24	119.97		120.95	92.92	108.40	107.00	114.84	135.17	108.42	124.06	102.27	103.84	142.14	107.74		97.42	98.09	108.27		112.96	135.29	126.78	108.42	108.85	138.05	166.50				
2014Q2	103.00	106.03	133.34	106.98	102.98	139.71	378.82	109.09	102.10	127.22	110.63	111.89		90.96	104.77		110.46		122.37	110.16	106.72	108.07	112.94	113.13	112.13	109.47		105.78	105.67	105.47		115.38	105.95	195.88	112.68		108.14	101.25	274.11	100.05	111.79	106.06	105.98	115.63	148.83	105.58	109.47	112.41	114.04	112.32	102.34	112.22	96.69	118.29	114.20	107.97	111.68	109.33	108.07	148.26	110.38	118.88	127.66	120.05	91.85	108.07	107.35	115.94		108.42	124.32	102.17	103.82	141.05	108.63		97.62	97.90	108.61	111.30	114.53	134.96	140.07	107.66	109.14	138.41	170.01		105.88		
2014M04			131.73		103.02	136.70	375.25	108.99	102.13	127.79	110.45	112.29		90.12		101.18	110.77		121.69	110.23	106.32	108.07	112.72	113.37	111.92	108.97		105.71	105.40	105.67		114.85	106.09	193.76	112.32		108.39	99.76	266.90	99.95	111.98	106.06	105.74	115.17	147.49	105.57		112.68	114.27	112.59	102.20	113.09	96.28	118.20	114.15	107.99	112.15	109.19		146.13	110.03	119.42		120.28	92.68	108.30	106.90	116.18	135.99	107.95	124.06	102.17	103.76	143.61	107.85		96.93	97.90	108.67		113.56	135.41	134.48	107.92	109.05	137.55	168.38				
2014M05			134.76		102.92	139.95	378.87	108.99	101.81	127.61	110.78	111.59		91.59		101.18	110.56		122.62	110.34	107.03	108.07	113.58	112.93	112.23	109.83		105.71	105.60	105.26		115.54	105.88	196.26	112.68		107.53	101.50	276.91	99.95	111.98	105.96	106.05	115.75	148.46	105.55		112.79	113.59	112.09	102.31	112.19	97.04	118.21	114.46	107.93	110.11	109.30		150.82	110.77	118.33		119.94	91.70	108.00	107.31	115.97	136.70	108.14	124.32	102.37	103.73	143.77	108.60		98.01	97.90	109.17		114.86	134.70	140.38	107.72	109.14	138.33	170.35				
2014M06			134.21		103.02	142.49	382.35	109.30	102.13	127.23	110.67	111.79		91.17		100.88	110.04		122.79	109.92	106.82	108.07	112.51	113.08	112.25	109.62		105.92	106.00	105.47		115.74	105.88	197.62	113.06		108.50	102.48	277.74	100.27	111.41	106.16	106.15	115.96	150.53	105.60		111.74	114.27	112.29	102.51	111.39	96.75	118.46	113.99	107.99	110.21	109.50		147.83	110.35	118.88		119.94	91.16	107.90	107.83	115.67	137.82	109.16	124.57	101.98	103.96	144.26	109.45		97.91	97.90	107.97		115.16	134.78	145.29	107.32	109.24	139.36	171.30				
2014Q3	103.10	106.31	134.47	107.29	102.88	131.37	394.13	108.47	102.31	126.97	111.07	111.56		94.71	103.77		110.48		122.50	109.81	107.94	108.27	112.15	116.20	112.94	110.19		105.74	106.07	105.22		116.00	105.71	221.20	112.25		109.47	106.38	284.59	100.87	111.15	105.75	106.46	116.00	150.53	105.48	110.77	113.31	114.42	111.86	102.54	109.92	96.28	118.23	114.84	108.30	111.34	109.09	106.45	147.14	109.71	117.64	127.32	118.78	91.83	108.03	107.93	115.34		109.44	125.84	101.35	104.03	142.12	109.27		98.37	97.68	106.47	111.41	116.29	136.53	153.04	106.49	109.47	144.71	176.05		108.43		
2014M07			134.03		102.92	137.01	388.79	108.78	102.13	126.50	110.89	111.49		93.46		100.78	109.68		122.32	110.13	108.04	108.38	112.61	114.10	112.93	110.15		105.81	106.00	105.26		115.69	105.78	217.51	112.32		108.93	103.30	281.91	100.27	110.74	105.75	106.56	116.33	152.68	105.68		112.97	114.38	112.59	102.00	110.99	95.99	118.43	114.48	107.99	110.72	109.50		147.93	110.03	118.22		118.60	90.85	107.90	108.14	115.63	140.05	109.71	125.33	101.68	104.01	144.91	109.56		97.81	97.81	107.17		116.06	135.76	149.19	106.52	109.64	141.85	173.19				
2014M08			135.92		102.81	131.18	393.17	108.37	102.13	127.06	111.00	111.79		95.08		100.68	110.52		122.57	109.60	108.24	108.38	111.75	118.10	112.91	110.15		105.60	106.00	104.95		115.36	105.67	221.66	112.21		109.69	106.99	284.55	100.58	111.19	105.75	106.46	116.44	151.51	105.57		112.63	114.38	111.69	102.41	109.59	95.99	118.14	114.93	108.46	110.41	108.99		147.56	109.40	117.35		118.60	91.95	108.10	108.04	115.30	140.15	109.53	125.84	101.28	103.97	144.91	108.81		98.79	97.62	106.27		116.26	136.33	153.09	106.52	109.64	144.82	176.36				
2014M09			134.15		102.92	125.91	400.43	108.27	102.44	128.31	111.32	111.39		95.60		100.28	111.23		122.61	109.71	107.53	108.07	112.08	116.41	112.97	110.26		105.81	106.20	105.47		116.96	105.67	224.45	112.23		109.80	108.84	286.50	101.75	111.53	105.75	106.36	115.22	147.39	105.19		114.32	114.50	111.29	103.22	109.19	96.85	118.12	115.10	108.46	110.31	108.78		145.94	109.71	117.35		119.16	92.68	108.10	107.62	115.08	138.93	109.07	126.34	101.09	104.10	145.07	109.45		98.50	97.62	105.97		116.56	137.49	156.79	106.43	109.14	147.47	178.62				
2014Q4	101.90	106.43	133.78	107.60	102.51	101.51	406.66	106.17	103.92	129.38	110.63	109.86		94.25	101.56		111.76		122.53	108.37	106.35	106.74	109.17	114.79	112.90	108.65		105.05	104.97	105.05		116.82	105.33	225.21	108.44		108.54	111.71	289.23	102.28	110.29	105.06	105.02	112.03	136.52	103.90	113.47	114.20	113.82	105.69	103.29	106.52	97.77	118.03	115.52	108.41	109.77	105.63	106.04	145.20	108.59	115.06	113.44	120.84	91.22	107.00	105.17	114.12		107.68	126.09	100.82	104.05	142.49	107.67		98.37	97.12	104.74	111.47	118.16	137.51	160.11	104.76	108.88	146.59	184.56		109.82		
2014M10			132.22		102.81	114.70	404.79	108.16	102.86	128.82	111.65	110.69		94.30		99.78	111.52		122.54	109.39	107.53	107.65	110.14	114.69	113.03	109.30		105.60	105.80	105.36		116.49	105.57	227.28	110.68		108.83	110.07	287.19	102.18	111.41	105.44	105.33	114.37	142.73	104.45		113.41	113.93	108.79	103.74	107.79	97.04	118.25	115.01	108.46	110.11	107.65		147.60	109.71	117.13		120.73	91.64	107.70	106.69	114.65	139.65	109.62	126.34	100.99	104.08	145.40	108.70		98.69	97.62	105.47		117.86	138.75	155.69	105.53	109.44	148.83	181.46				
2014M11			132.33		102.61	105.23	406.21	106.82	104.33	130.03	111.11	110.29		94.21		99.28	110.79		122.50	108.54	105.71	107.02	109.60	114.88	112.74	108.54		105.29	105.30	105.26		115.60	105.57	225.28	109.11		108.39	110.69	288.86	102.60	110.40	105.23	105.12	112.09	136.84	104.13		114.43	113.93	106.69	102.82	107.29	97.42	118.06	115.17	108.46	108.68	106.21		145.38	109.19	113.87		120.95	90.55	107.20	105.45	114.50	138.93	108.69	126.34	101.28	104.00	145.40	107.63		98.30	96.96	104.97		117.86	137.41	162.29	105.13	108.85	145.79	186.06				
2014M12			137.48		102.10	84.60	408.99	103.52	104.33	130.27	109.15	108.59		94.26		98.67	112.98		122.55	107.17	105.81	105.56	107.77	114.78	112.92	108.12		104.25	103.80	104.53		118.37	104.84	223.08	105.52		108.39	114.38	290.81	102.07	109.05	104.51	104.61	109.65	129.98	103.11		114.77	113.59	101.59	103.33	104.49	98.84	117.78	116.37	108.33	107.97	103.02		142.63	106.87	114.19		120.84	91.46	106.10	103.38	113.20	140.25	104.71	125.58	100.20	104.07	145.24	106.67		98.11	96.77	103.77		118.76	136.37	162.29	103.63	108.36	145.15	186.16				
2015	100.73	108.52	129.94	107.52	101.39	88.57	452.05	103.14		136.08	108.60	110.32		91.75	100.45		114.77		123.17	105.69	101.34	104.38	107.67	116.24	112.29	107.26	177.17	103.96	103.59	103.81		124.24	103.91	232.82	104.58		107.86	110.16	272.13	106.21	104.83	102.96	102.67	103.88	114.22	100.95	113.82	122.43	113.02	100.89	102.10	102.20	95.03	120.71	117.94	108.37	107.49	102.92	105.13	149.39	105.39	108.96	96.33	122.56	85.72	105.57	103.49	112.56	156.61	103.58	126.59	98.83	103.46	136.50	106.78		98.01	94.24	102.60	114.02	121.34	142.93	196.09	99.74	107.99	151.27	197.46	132.35	109.92		103.10
2015Q1	101.50	106.99	136.25	106.87	101.73	80.75	432.07	102.94	104.30	130.85	109.44	109.76		91.45	102.46		111.45		123.48	106.08	103.31	104.62	108.42	116.19	112.74	107.87		104.15	103.80	104.36		120.73	104.01	222.87	105.75		106.99	113.99	290.02	104.83	105.94	103.48	103.35	104.32	111.38	101.85	113.67	118.44	113.74	101.32	103.36	104.16	96.82	119.76	116.47	108.48	106.55	102.50	104.83	146.82	106.38	111.00	109.97	120.24	88.11	105.73	103.83	113.19		103.57	125.75	99.04	103.78	141.91	106.57		99.02	96.30	102.67	113.55	119.83	138.39	177.39	102.24	107.74	144.62	189.80		109.69		
2015M01			137.79		101.50	67.03	421.35	101.46	104.33	129.75	107.74	108.29		90.91		97.57	111.53		123.38	104.63	104.39	104.52	107.12	115.12	112.84	107.79		103.53	102.90	103.60		119.27	103.70	220.15	103.09		107.96	114.58	290.81	102.60	106.02	103.07	103.28	104.82	116.53	101.85		116.95	113.82	98.49	103.61	104.09	97.70	119.64	116.11	108.46	105.31	101.06		145.82	106.97	108.96		120.50	88.90	105.70	103.17	112.89	142.90	103.69	125.08	99.31	103.78	143.61	106.25		98.20	96.68	102.27		119.16	136.81	165.98	102.14	107.77	144.79	189.14				
2015M02			136.34		101.80	81.44	435.45	102.80	104.54	130.68	109.37	110.39		90.73		96.87	109.33		123.53	106.11	104.39	104.41	108.31	116.34	112.56	107.58		104.25	104.14	104.64		120.84	104.01	223.17	107.40		106.35	112.33	288.58	104.73	105.00	103.69	103.28	102.76	106.88	101.92		121.98	113.70	100.69	103.26	104.59	96.18	119.52	116.20	108.46	105.11	102.61		147.11	105.92	111.25		120.28	87.57	105.59	103.79	113.46	145.84	101.93	125.71	98.52	103.57	144.10	106.46		99.28	96.02	102.87		119.96	138.46	173.97	101.94	107.57	144.25	189.97				
2015M03			135.34		101.90	93.79	439.43	104.55	103.80	133.11	111.21	110.59		92.72		96.87	113.48		123.52	107.49	101.15	104.93	109.82	117.11	112.82	108.22		104.67	104.66	104.84		122.08	104.32	225.28	108.24		106.67	115.05	289.83	107.17	106.80	103.69	103.48	104.76	110.73	101.80		116.38	113.70	103.29	103.22	103.79	96.56	120.11	117.10	108.53	106.74	103.84		147.53	106.24	112.78		119.94	87.87	105.70	104.52	114.02	154.38	105.08	126.47	99.31	103.99	146.54	106.99		99.58	96.21	102.87		120.36	139.91	192.17	102.63	107.87	144.81	190.29				
2015Q2	101.80	108.20	134.47	108.11	102.00	103.73	446.80	105.31	103.75	133.28	110.63	110.29		92.60	101.86		112.68		123.70	107.31	100.98	105.56	107.98	116.23	112.46	107.58		104.88	104.66	104.46		126.11	104.42	235.98	108.36		108.36	114.04	294.43	106.85	106.73	103.79	103.58	106.33	111.41	101.79	114.07	120.44	113.55	104.70	102.44	101.96	94.44	120.07	117.35	108.41	107.74	105.45	104.52	150.55	107.08	112.81	93.89	121.02	85.31	105.80	105.07	113.45		105.58	127.36	99.60	104.09	145.85	107.99		99.05	94.07	103.57	113.74	121.03	143.08	199.73	100.91	108.26	147.24	193.97		108.06		
2015M04			134.43		102.00	98.69	443.06	104.86	103.70	133.41	110.34	109.69		92.02		96.57	111.94		123.63	106.85	100.84	105.35	107.77	116.11	112.87	107.58		104.88	105.07	104.74		124.86	104.53	231.48	108.55		106.56	114.17	290.53	108.55	106.58	103.69	103.48	105.59	108.77	101.76		122.32	113.48	104.09	101.94	103.09	94.28	119.94	117.30	108.46	106.44	104.97		147.94	106.66	112.78		120.28	85.19	105.28	105.04	113.34	158.65	104.99	126.72	99.31	104.30	147.84	107.53		99.28	94.61	102.77		120.76	141.91	199.87	102.54	107.87	146.53	191.87				
2015M05			136.91		102.00	107.78	446.61	105.79	103.70	133.41	111.21	110.29		93.42		96.47	111.91		123.77	107.59	101.15	105.77	108.95	115.31	112.35	107.47		104.88	104.87	104.22		125.89	104.42	233.14	109.39		108.50	114.17	293.45	106.21	107.03	103.90	103.69	105.51	111.15	101.83		119.38	113.37	104.49	102.84	101.59	94.57	120.01	117.14	108.46	107.05	105.69		151.66	107.18	112.67		121.29	85.31	105.70	105.14	113.68	156.52	105.54	127.48	99.90	104.09	148.99	107.85		99.48	93.85	103.97		121.06	143.48	199.07	100.34	108.26	146.82	194.63				
2015M06			132.77		102.00	104.73	450.74	105.28	103.59	134.03	110.34	110.89		92.36		96.06	114.19		123.70	107.49	100.95	105.56	107.23	117.26	112.16	107.69		104.88	104.35	104.43		127.57	104.32	243.30	108.66		110.01	113.76	298.45	105.79	106.58	103.79	103.58	107.26	114.31	101.78		119.62	113.82	103.99	102.55	101.19	94.47	120.27	117.61	108.33	107.25	105.69		152.06	107.40	112.99		121.51	85.44	106.23	105.04	114.13	157.74	106.19	127.86	99.60	103.88	149.47	108.60		98.40	93.76	103.97		121.26	143.85	200.17	99.84	108.65	148.38	195.41				
2015Q3	100.00	108.75	128.90	108.01	101.39	88.46	458.74	103.11	103.26	136.87	108.32	111.26		92.13	99.25		117.16		123.23	105.41	101.55	104.34	107.41	117.84	112.31	107.15		103.98	103.46	103.53		125.06	103.94	235.03	103.59		108.75	108.36	299.57	105.68	104.74	102.80	102.56	104.21	112.18	100.84	113.77	121.52	112.84	99.65	102.12	100.99	94.03	121.15	118.68	108.31	106.31	103.16	106.24	151.65	105.04	107.22	94.52	123.11	84.71	105.42	103.59	112.66		103.94	127.02	99.01	103.37	147.07	107.35		97.32	93.19	102.51	114.09	121.99	145.07	203.79	98.28	108.46	156.15	198.29		109.99		
2015M07			130.29		101.80	98.35	452.95	104.24	103.59	134.99	109.91	111.69		91.37		95.46	115.61		123.47	106.64	101.86	105.14	106.91	116.65	112.41	106.83		104.67	104.56	104.33		124.67	104.32	239.59	106.87		109.26	110.94	297.90	105.89	106.24	103.28	103.17	106.68	113.21	101.40		120.99	113.37	101.89	103.23	101.09	94.09	120.45	118.28	108.26	106.64	104.97		151.98	105.92	110.49		122.07	84.71	105.81	105.24	113.57	159.97	105.54	127.48	99.51	103.78	149.80	108.70		97.22	93.57	103.07		121.86	143.39	204.17	98.94	108.85	151.82	197.50				
2015M08			128.90		101.29	82.82	456.84	102.49	103.28	136.29	107.63	111.29		91.90		94.66	117.94		123.48	105.16	101.86	104.31	107.66	118.60	112.36	107.47		103.84	103.42	103.18		126.07	103.91	230.41	102.99		108.72	108.53	300.40	106.21	104.56	102.66	102.46	103.81	110.96	100.78		117.95	112.69	98.59	101.47	100.29	93.81	121.36	118.66	108.33	105.62	102.81		151.72	104.87	105.69		123.08	84.71	105.17	103.17	112.78	160.68	103.78	127.10	99.11	103.37	149.96	107.10		97.52	93.00	102.27		122.16	144.80	203.57	97.75	108.56	159.35	198.25				
2015M09			128.17		101.09	84.23	466.43	102.59	102.65	140.37	107.41	110.79		93.13		94.26	117.93		122.74	104.42	100.95	103.58	107.66	118.27	112.17	107.15		103.42	102.69	103.08		124.46	103.59	235.10	102.36		108.29	105.61	299.57	104.94	103.43	102.45	102.04	101.51	112.38	100.33		125.62	112.46	96.99	101.65	101.59	94.19	121.66	119.09	108.33	104.19	101.68		151.25	104.34	105.48		124.20	84.71	105.07	102.35	112.44	159.06	102.49	126.47	98.42	102.95	150.29	106.25		97.22	93.00	102.17		121.96	147.01	203.57	98.15	107.97	157.26	199.13				
2015Q4	99.60	110.11	125.84	107.08	100.41	81.34	470.57	101.19	102.49	141.92	106.00	109.99		90.82	98.24		117.78		122.26	103.96	99.53	102.98	106.87	114.72	111.65	106.44		102.83	101.80	102.91		125.06	103.25	237.39	100.28		107.35	104.26	300.69	107.49	101.89	101.77	101.19	100.50	121.91	99.31	113.77	129.31	111.93	95.90	100.48	101.69	94.85	121.87	119.25	108.28	104.97	100.55	104.93	148.52	103.07	104.82	86.98	125.88	84.75	105.17	101.48	111.65		101.22	126.22	97.66	102.61	148.83	105.21		96.64	93.38	101.64	114.71	122.53	145.17	203.13	97.55	107.51	157.06	207.76		111.93		
2015M10			125.19		100.68	85.26	467.36	102.29	102.23	142.84	106.54	110.29		92.48		93.96	116.79		122.60	104.63	100.95	103.37	108.09	115.56	111.78	107.04		103.01	102.49	103.18		126.14	103.39	233.87	101.83		107.42	104.38	300.26	102.60	102.53	102.25	101.33	100.96	118.45	99.65		125.99	111.78	95.99	101.70	102.59	94.19	121.82	119.00	108.26	104.30	100.86		147.85	103.71	106.13		125.21	84.65	105.17	101.93	111.99	162.00	101.28	125.96	98.02	102.95	151.59	105.50		96.93	93.29	102.17		122.26	146.72	202.77	98.15	107.87	158.54	205.60				
2015M11			126.09		100.48	79.21	474.49	101.77	102.86	142.25	106.33	109.99		90.88		93.45	117.38		122.16	104.21	98.82	103.05	106.26	114.60	111.74	106.61		103.11	102.18	103.29		125.11	103.39	232.12	101.73		107.53	104.79	300.26	110.04	101.86	101.84	101.33	100.13	123.49	99.25		133.23	112.12	96.19	100.62	101.59	94.85	121.91	119.15	108.33	104.09	101.17		149.52	103.07	106.56		125.54	84.89	105.17	101.62	111.99	160.99	101.28	126.22	97.73	102.54	151.76	105.39		96.83	93.57	101.77		122.76	144.63	202.97	97.35	107.47	157.93	205.80				
2015M12			126.88		100.08	79.55	469.85	99.50	102.13	141.74	105.13	109.69		89.10		92.85	119.17		122.03	103.05	98.82	102.53	106.26	113.99	111.44	105.65		102.38	101.04	102.25		123.94	102.97	246.19	98.68		107.10	103.61	300.68	109.82	101.29	101.22	100.92	99.80	123.80	99.02		128.71	111.90	94.10	99.11	100.89	95.52	121.87	119.60	108.26	104.09	99.62		148.18	102.44	101.77		126.89	84.71	104.96	100.90	111.76	157.33	101.10	126.47	97.23	102.33	152.08	104.75		96.15	93.29	100.97		122.56	144.15	203.57	97.15	107.18	154.72	211.87				
2016	99.25	112.98	131.90	109.82	99.54	112.97	506.51	101.66		141.41	105.22	110.10		91.11	101.78		120.97		121.87	101.50	97.17	100.98	106.16	116.31	111.29	106.50	182.56	101.96	101.21	101.50		124.09	102.61	258.28	98.55		106.03	101.25	281.78	106.67	101.03	100.98	99.08	94.77	133.45	99.11	113.75	130.27	110.29	96.48	100.90	101.12	94.87	120.84	124.63	107.93	109.22	100.36	105.61	149.65	102.13	100.22	78.06	128.66	81.63	105.27	100.72	110.54	163.37	98.64	127.10	94.89	102.06	146.17	103.87		97.10	92.83	101.39	115.35	123.05	149.07	237.11	101.70	108.45	156.34	229.62	131.54	111.85		100.84
2016Q1	97.40	112.72	130.89	109.46	98.93	88.67	497.42	97.06	100.98	141.19	104.12	109.29		90.00	99.65		119.48		121.88	101.46	96.32	100.44	104.61	116.73	111.24	106.29		101.00	100.21	100.90		124.67	102.17	256.22	95.44		105.20	102.87	299.34	106.92	99.91	100.26	99.55	93.58	119.15	98.47	113.17	131.29	110.80	92.96	100.25	99.59	95.23	119.75	121.40	107.95	104.59	98.01	103.91	146.52	101.18	95.96	75.15	127.56	82.31	104.11	99.83	109.99		98.69	125.75	94.96	101.95	152.72	101.90		95.43	92.88	100.01	114.60	122.26	144.94	206.19	97.91	107.74	157.59	218.55		110.22		
2016M01			129.15		99.37	81.75	485.27	97.13	101.81	142.71	104.05	110.19		89.30		92.85	118.99		122.17	101.78	97.09	100.86	104.86	117.25	111.30	107.69		101.34	101.14	101.21		124.15	102.45	255.57	95.43		106.13	103.56	298.87	107.49	100.62	100.50	99.79	96.10	121.42	98.49		128.56	111.67	93.00	101.65	99.49	95.71	119.63	120.65	107.93	103.89	98.28		146.28	101.28	97.30		127.67	82.45	104.43	100.69	110.97	154.79	99.43	125.96	96.25	102.13	154.53	102.40		95.16	93.19	99.88		122.66	144.94	201.37	97.55	107.77	156.07	214.28				
2016M02			131.52		98.66	84.46	503.86	96.41	101.19	141.80	103.50	109.19		89.58		92.47	119.47		121.84	100.72	96.89	100.23	105.08	114.92	111.14	105.22		100.72	99.59	100.59		125.52	102.03	255.52	95.11		104.62	102.27	298.31	107.17	99.61	100.09	99.48	92.66	116.28	98.49		131.46	110.65	91.60	100.77	99.59	95.14	119.51	121.74	107.99	103.79	97.46		145.38	100.76	94.69		127.56	82.70	104.01	99.45	109.61	152.96	98.69	125.08	94.47	101.92	155.83	101.44		95.16	92.72	99.78		122.36	144.65	204.47	97.65	107.67	156.91	219.06				
2016M03			132.70		98.76	99.79	503.14	97.65	100.26	140.11	104.81	108.49		91.15		93.04	119.97		121.64	101.88	94.97	100.23	103.89	118.01	111.30	105.97		100.93	100.21	100.90		124.36	102.03	257.57	97.11		104.84	102.79	299.98	106.11	99.50	100.19	99.38	91.40	119.76	98.43		133.86	110.09	92.90	98.31	99.69	94.85	120.10	121.82	107.93	103.68	98.28		147.90	101.49	95.89		127.45	81.78	103.70	99.34	110.18	157.63	97.95	126.22	94.17	101.82	156.97	101.87		95.95	92.72	100.37		121.76	145.23	212.67	98.55	107.77	159.78	222.32				
2016Q2	99.70	113.74	133.42	109.56	99.20	110.31	503.59	99.81	101.19	140.35	104.88	109.06		90.31	102.26		120.88		121.40	101.18	95.37	100.69	105.62	116.18	110.90	105.76		101.31	100.53	100.80		121.75	102.28	259.38	98.47		106.06	102.96	302.45	105.79	101.07	100.15	98.96	95.23	130.13	98.83	114.37	128.74	109.82	96.10	100.43	99.86	94.92	120.19	123.12	107.82	108.94	99.93	104.83	150.86	101.74	99.34	75.92	126.89	82.23	104.85	100.07	110.52		97.94	126.68	94.50	101.82	155.76	102.87		95.49	92.88	102.04	115.31	122.33	147.63	228.19	99.81	108.39	157.82	228.45		111.87		
2016M04			132.06		98.86	102.19	500.67	97.65	100.16	139.63	104.48	107.89		90.26		93.71	119.49		121.30	100.51	94.86	100.34	105.08	116.55	110.97	105.65		100.72	100.21	100.38		122.92	102.03	257.33	97.42		104.94	102.33	300.68	105.47	100.51	99.57	98.96	93.93	125.38	98.67		128.06	109.97	94.40	98.32	100.19	95.52	120.00	122.13	107.93	107.97	98.80		149.50	101.18	96.65		126.33	82.15	103.91	99.34	110.18	160.58	97.95	126.34	94.27	101.71	158.28	101.87		94.97	92.82	101.07		122.16	145.98	220.37	99.34	108.06	155.61	225.91				
2016M05			134.36		99.16	112.21	503.35	100.12	101.40	140.90	104.81	109.19		90.58		94.09	121.02		121.29	101.04	95.68	100.76	104.76	116.48	110.82	105.54		101.34	100.73	100.80		122.42	102.24	258.89	99.31		106.13	103.30	302.48	106.43	100.96	100.19	98.96	95.05	129.36	98.79		129.29	109.64	95.79	99.78	99.49	94.66	120.23	123.02	107.60	108.17	100.03		151.32	102.02	99.26		126.77	82.27	105.07	99.86	110.63	162.41	97.63	126.34	94.47	101.82	158.77	102.51		95.07	92.82	102.47		121.66	148.14	232.07	99.34	108.26	159.24	228.80				
2016M06			134.51		99.57	116.52	506.75	101.67	102.33	141.59	105.35	110.09		90.10		93.90	122.13		121.61	101.99	95.57	100.97	107.02	115.50	110.90	106.08		101.86	100.93	101.21		119.92	102.55	261.92	100.05		107.10	103.25	303.32	105.47	101.74	100.70	98.96	96.15	135.66	99.02		128.86	109.86	96.69	103.17	99.89	94.57	120.35	124.20	107.93	108.17	100.96		151.74	102.02	102.10		127.56	82.27	105.38	101.00	111.53	166.58	98.24	127.36	94.76	101.92	159.58	104.22		96.44	93.00	102.57		123.16	148.76	232.07	100.74	108.85	158.60	230.65				
2016Q3	99.10	112.76	134.97	109.87	99.60	118.69	510.49	102.42	101.36	140.42	105.02	110.29		90.15	103.06		121.43		121.97	100.93	98.34	100.97	105.83	116.25	111.35	105.97		102.14	100.80	101.35		121.88	102.66	259.38	98.61		105.99	101.45	308.48	105.43	101.22	101.77	98.69	94.91	141.03	99.05	113.77	132.67	110.16	96.17	102.30	100.39	94.73	121.06	125.56	108.02	109.35	100.65	106.35	149.95	102.34	100.79	78.43	128.53	81.14	105.14	101.14	110.37		98.50	127.44	94.70	101.99	157.46	104.29		96.86	92.82	101.87	115.63	123.66	149.29	244.59	103.10	108.69	157.19	234.01		112.79		
2016M07			135.43		99.57	112.71	509.86	101.98	101.92	140.78	105.13	110.39		90.29		94.19	122.45		121.98	101.14	98.11	100.97	106.26	115.64	111.13	105.76		102.17	100.42	101.31		121.75	102.66	264.56	99.00		106.78	102.63	305.96	105.89	101.86	101.84	98.86	95.99	141.23	98.91		131.96	109.75	95.59	102.69	98.99	94.66	121.06	124.78	108.12	108.27	100.55		151.86	101.70	102.53		128.01	81.36	105.17	101.31	110.86	167.49	98.42	127.23	94.96	101.92	160.89	104.32		96.24	92.91	102.27		123.86	149.07	242.06	102.73	108.85	158.56	232.78				
2016M08			136.13		99.57	119.73	510.54	101.87	101.29	140.42	104.70	109.99		90.15		94.29	121.06		122.01	100.19	98.31	100.86	105.62	115.97	111.44	105.97		102.07	100.93	101.21		121.80	102.66	255.71	98.79		105.70	101.86	308.18	106.43	100.40	101.73	98.55	94.25	140.17	99.00		132.67	110.20	95.30	102.92	100.19	94.66	120.94	125.19	107.99	108.68	100.45		149.75	102.97	100.68		128.57	81.05	104.86	101.00	110.40	165.36	98.68	127.48	94.37	101.92	160.72	104.11		97.22	92.72	101.87		123.46	149.19	242.66	103.13	108.56	157.39	234.96				
2016M09			134.04		99.67	123.63	511.09	103.42	101.19	141.10	105.24	110.49		90.01		94.76	120.78		121.93	101.46	98.61	101.07	105.62	117.14	111.48	106.19		102.17	101.35	101.52		122.10	102.66	257.86	99.42		105.48	99.86	310.41	103.98	101.41	101.73	98.66	93.91	141.68	99.23		133.40	110.54	96.19	101.27	101.99	94.85	121.17	126.72	107.93	108.58	100.96		148.23	102.34	99.16		129.01	80.99	105.17	101.10	110.63	166.07	98.41	127.61	94.76	102.13	160.23	104.43		97.13	92.82	101.47		123.66	149.62	248.96	103.43	108.65	155.63	234.28				
2016Q4	100.80	112.71	134.12	110.39	100.41	134.20	514.53	107.34	101.67	142.22	106.87	111.76		93.98	102.16		122.09		122.21	102.41	98.65	101.84	108.60	116.08	111.68	107.97		103.39	102.66	102.94		128.03	103.35	258.14	101.36		106.88	97.71	316.41	108.55	101.93	101.73	99.10	95.22	143.50	100.12	113.67	128.38	110.39	98.78	100.63	104.66	94.60	122.35	128.43	107.95	109.53	102.85	107.36	151.27	103.25	104.79	82.80	131.66	80.85	106.82	101.83	111.98		99.45	128.54	95.42	102.47	159.06	106.42		100.62	92.75	101.64	115.86	123.96	154.42	269.09	105.99	108.98	152.75	237.45		112.53		
2016M10			132.43		100.08	129.20	512.71	105.89	101.29	141.21	105.89	111.29		89.90		95.43	121.10		121.91	102.52	98.61	101.59	107.23	116.45	111.55	107.47		102.80	102.28	102.25		123.69	102.97	256.64	101.31		106.02	98.38	312.08	105.36	101.74	101.63	98.66	94.19	142.07	99.53		131.66	110.09	97.99	100.79	102.69	94.76	121.29	126.98	107.79	108.78	102.40		147.36	102.55	101.33		130.69	80.57	105.59	101.52	111.87	166.68	98.23	128.24	95.06	102.33	161.54	105.71		99.09	92.82	101.67		123.56	150.88	262.36	106.43	109.05	153.14	235.14				
2016M11			134.82		100.28	123.33	514.03	107.23	101.61	142.35	106.43	111.79		95.24		96.87	123.42		122.32	101.46	98.51	101.70	108.95	115.90	111.85	108.22		103.32	102.59	102.87		127.18	103.28	259.77	100.36		106.99	97.50	315.00	109.72	102.31	101.53	98.96	95.82	145.48	99.97		125.21	110.31	97.59	100.58	103.79	94.57	122.94	128.53	108.12	108.68	102.20		151.50	102.55	103.84		132.15	80.87	106.75	101.62	111.87	167.49	99.98	127.99	95.45	102.33	162.19	106.03		100.36	92.72	101.17		123.86	153.90	268.16	105.53	108.85	153.35	237.73				
2016M12			135.82		100.89	150.08	516.88	108.88	102.43	144.18	108.28	112.19		96.79		98.40	121.75		122.38	103.26	98.82	102.22	109.60	115.88	111.62	108.22		104.05	103.42	103.70		133.23	103.80	258.01	103.83		107.64	97.25	321.25	110.57	101.74	102.04	99.68	95.09	142.94	100.85		128.26	110.77	99.29	100.53	107.49	94.47	122.82	129.79	107.93	108.58	103.95		154.96	104.65	109.18		132.15	81.12	107.92	102.35	113.00	169.02	100.12	129.38	95.75	102.75	163.00	107.53		102.42	92.72	102.07		124.46	158.48	276.66	106.03	109.05	151.76	239.49				
2017	101.86	115.11		111.55	101.49	154.54	556.36	110.29		145.12	110.46	113.55		99.99	105.63		122.03		124.69	103.54	100.17	102.84	108.82	115.53	112.71	110.33	202.00	104.80	104.83	103.88		137.69	104.61	272.52	103.81		109.52	96.62	309.15	107.58	102.49	103.34	101.39	98.67	153.86	102.53	114.42		113.00	101.36	103.85	107.89	96.30	123.66	133.24	108.28	111.06	105.20	110.35		107.02	109.52	88.70	132.78	80.88	108.14	104.08	114.38	175.85	99.03	130.17	97.20	104.25	153.29	108.19		102.15	92.39	102.10	117.57	128.72	172.66	299.81	107.92	110.97	158.96	269.80		112.83		104.14
2017Q1	102.34	115.11		110.90	101.43	154.83	540.31	110.50	103.78	143.85	109.51	113.39		97.73	103.77		121.61		122.99	103.65	99.80	103.19	108.95	115.93	112.28	109.30		104.88	104.39	104.36		136.51	104.42	268.64	104.60		108.83	96.68	325.83	109.44	103.13	103.21	100.57	98.71	152.07	102.56	114.17	130.10	111.78	101.16	103.92	109.56	94.66	122.94	133.02	109.15	109.66	105.63	108.27	158.75	106.24	111.14	86.61	132.07	81.58	108.37	104.35	113.83		99.75	130.73	97.43	103.64	161.24	108.35		102.48	92.69	103.21	117.86	125.62	166.75	284.86	107.29	109.86	155.64	244.37		112.10		
2017M01					101.39	157.50	533.30	110.53	103.57	144.62	108.93	112.89		97.71		99.17	122.15		122.91	104.00	99.53	102.95	109.06	116.84	111.98	109.30		104.88	104.25	104.74		136.27	104.32	263.48	104.77		108.50	98.02	324.31	109.08	103.21	103.07	100.30	97.86	151.89	102.31		128.51	111.44	100.49	103.82	109.59	94.76	122.82	132.48	109.93	109.09	105.18		157.17	105.71	109.51		132.26	81.60	108.23	104.52	113.91	174.51	99.67	130.27	97.13	103.37	163.66	109.13		103.01	92.82	102.97		125.56	164.79	275.86	107.22	109.64	154.68	241.76				
2017M02					101.50	158.50	542.49	110.95	104.40	143.96	110.13	113.19		97.40		99.74	121.43		123.06	103.79	99.43	103.37	109.38	116.10	112.33	109.30		104.98	104.76	104.43		137.59	104.53	269.34	105.93		108.83	96.58	325.00	108.23	103.09	103.28	100.61	98.55	152.55	102.71		130.82	111.90	100.79	105.77	110.39	94.66	122.94	133.25	108.86	108.78	105.90		159.13	106.02	112.56		132.37	81.66	108.34	104.31	114.02	175.93	99.60	130.90	97.43	103.78	164.63	108.38		102.22	92.63	103.67		125.46	166.87	284.36	107.22	109.83	155.52	244.17				
2017M03					101.39	148.48	545.17	110.02	103.68	144.06	109.48	114.09		98.08		100.12	121.24		123.01	103.15	100.44	103.26	108.42	114.84	112.53	109.30		104.77	104.45	103.91		135.67	104.42	273.11	104.56		109.15	95.45	327.23	110.99	103.09	103.28	100.81	99.13	151.78	102.67		130.96	112.01	100.69	102.16	108.69	94.57	123.06	133.33	108.66	108.58	105.80		159.94	106.97	111.36		131.59	81.48	108.34	104.21	114.36	175.42	99.97	131.03	97.73	103.78	165.12	107.53		102.22	92.63	102.97		125.86	168.60	294.26	107.42	110.13	156.72	247.17				
2017Q2	101.13	114.92		111.42	101.26	143.00	552.52	109.02	103.61	143.55	109.33	114.39		97.45	106.08		120.18		124.18	103.05	100.81	102.98	108.45	114.55	112.69	109.83		104.56	104.25	103.15		134.18	104.56	269.16	102.82		109.11	94.24	329.17	110.43	101.93	103.11	101.05	97.56	148.78	102.13	113.77	132.45	112.65	100.09	104.33	107.16	95.20	123.14	132.77	109.04	109.70	105.08	109.89	158.45	107.40	107.47	90.90	131.70	80.73	107.63	103.83	113.86		99.39	130.86	97.30	104.09	162.73	107.67		101.67	92.25	102.14	117.74	127.89	170.50	295.89	106.86	110.78	157.43	255.15		113.18		
2017M04					101.60	147.78	550.40	110.02	103.68	143.91	110.34	114.69		97.01		99.65	120.74		123.51	103.79	100.54	103.58	108.85	114.99	112.34	109.72		104.98	104.87	103.60		133.96	104.74	268.66	105.19		109.58	96.79	328.48	111.42	102.53	103.38	101.02	97.93	148.50	102.44		132.15	112.12	101.39	105.44	107.69	94.47	122.82	132.82	108.53	108.48	106.21		159.51	107.61	108.96		131.70	80.75	108.13	104.10	114.36	172.78	99.64	132.04	97.53	103.99	165.61	107.74		101.93	92.53	102.77		126.96	169.87	299.06	106.92	110.72	157.33	250.26				
2017M05					101.19	144.97	552.10	109.09	103.88	144.06	108.93	114.89		97.69		99.36	120.20		124.40	103.05	100.95	103.05	108.95	114.33	112.85	110.05		104.56	104.35	103.08		133.96	104.53	268.51	103.20		109.04	93.30	328.34	111.63	101.97	103.07	101.02	97.77	149.15	102.17		131.62	112.69	99.19	104.05	107.49	95.52	122.82	132.99	108.39	108.88	104.97		158.32	107.50	108.09		131.70	80.75	107.49	103.79	114.13	171.96	99.47	130.77	97.23	104.19	166.43	107.63		101.93	92.16	102.27		127.96	170.75	295.16	106.72	110.72	156.13	252.66				
2017M06					100.99	136.26	555.08	107.96	103.57	143.76	108.72	113.59		97.68		99.17	119.60		124.62	102.31	100.95	102.32	107.55	114.32	112.89	109.72		104.15	103.83	102.77		134.63	104.42	270.32	101.52		108.72	92.63	329.73	108.23	101.29	102.87	101.12	96.40	148.69	101.77		133.59	113.14	98.19	103.50	106.29	95.61	123.76	132.50	108.50	109.19	104.05		157.52	107.08	105.37		131.70	80.69	107.07	103.59	113.91	171.46	99.06	129.76	97.13	104.09	165.94	107.63		101.14	92.06	101.37		128.76	170.87	293.36	106.92	110.91	158.83	262.51				
2017Q3	101.14	114.78		111.63	101.09	150.25	561.21	108.85	103.74	142.94	110.67	112.12		100.54	106.88		121.63		125.49	102.84	100.95	102.39	108.13	115.19	112.82	110.73		104.36	104.35	103.08		136.40	104.49	273.25	102.51		108.68	96.31	338.95	106.07	101.74	103.11	101.53	97.68	151.38	102.39	114.27		113.70	99.85	102.44	106.99	97.61	123.84	132.28	112.43	110.04	104.25	111.11		106.59	105.58	88.52	132.86	80.65	107.88	103.55	114.39		98.47	128.71	96.84	104.33	164.28	107.60		101.31	92.00	101.41	117.70	129.76	173.22	301.02	107.89	111.24	160.44	272.59		114.50		
2017M07					100.79	142.37	560.40	107.85	103.37	142.32	109.91	111.99		99.30		99.26	121.00		125.44	102.31	101.25	102.11	107.77	114.12	112.80	110.15		104.15	104.25	102.66		134.83	104.42	269.83	101.94		108.07	94.68	333.21	107.06	100.62	102.87	101.43	96.58	147.99	101.85			113.59	98.59	102.31	105.99	97.42	123.88	132.17	110.55	109.09	103.64		157.48	106.45	104.28		131.81	80.63	107.39	103.38	113.91	170.54	97.83	128.62	96.74	104.30	166.75	107.42		101.73	92.06	100.97		129.56	172.11	298.66	106.92	111.01	159.88	265.61				
2017M08					100.99	149.28	560.05	108.78	103.78	142.73	110.78	112.39		101.47		100.22	121.68		125.39	102.84	101.25	102.32	107.88	115.67	112.86	111.01		104.25	104.35	103.08		135.86	104.42	272.62	102.88		108.29	95.76	338.91	105.89	102.08	103.17	101.43	97.40	150.96	102.31			113.59	99.29	101.61	106.89	97.61	123.76	132.24	110.76	109.19	104.05			106.45	104.71		132.93	80.75	107.81	103.48	114.81	173.18	99.33	128.49	96.94	104.30	167.41	107.42		100.85	91.87	101.27		129.66	173.57	299.76	108.22	111.21	160.67	267.50				
2017M09					101.50	159.10	563.20	109.92	104.40	144.85	111.32	111.99		100.87		101.27	122.21		125.66	103.36	100.34	102.74	108.74	115.79	112.82	111.01		104.67	104.76	103.49		138.52	104.63	277.31	104.14		109.69	98.48	343.77	105.26	102.53	103.28	101.74	98.46	155.20	103.00			113.93	100.19	103.41	108.09	97.80	123.88	132.42	110.98	109.29	105.08			106.87	107.76		133.83	80.57	108.23	103.79	115.26	177.35	98.27	129.00	96.84	104.40	168.55	107.96		101.34	92.06	101.97		130.06	173.98	304.56	108.52	111.50	160.77	284.65				
2017Q4	102.82	115.61		112.25	102.17	170.09	571.39	112.80	106.23	148.67	112.34	114.29		104.24	105.78		124.69		126.11	104.63	99.12	102.78	109.74	116.47	113.03	111.48		105.40	105.66	104.95		143.68	104.94	279.03	104.95		111.45	99.25	351.89	104.37	103.17	103.93	102.42	100.58	163.21	103.06	115.47		113.86	102.36	104.69	107.86	97.73	124.71	134.90	112.58	110.28	105.83	112.12		107.85	113.87	88.80	134.50	80.55	108.51	104.59	116.16		98.53	130.39	97.23	104.92	167.21	109.13		103.14	92.63	101.64	116.98	131.59	180.16	317.02	109.65	111.99	162.31	307.12				
2017M10					101.80	162.11	567.37	111.77	105.23	147.45	111.87	113.19		103.37		101.94	123.19		125.97	103.68	100.03	102.74	109.17	115.84	112.83	111.55		104.77	105.18	103.91		140.09	104.74	277.99	104.46		110.77	98.89	348.36	97.93	103.21	103.59	102.04	99.53	159.22	103.11			113.70	100.49	104.42	107.49	97.80	124.12	133.67	110.98	109.39	105.28			107.40	110.38		134.05	80.99	108.55	104.21	115.83	179.38	98.25	129.76	97.04	104.71	169.69	108.70		101.63	92.34	101.77		131.16	176.96	311.45	109.02	112.09	164.29	297.86				
2017M11					102.41	171.83	572.01	113.32	106.78	149.53	112.63	114.89		104.47		102.42	125.14		126.13	105.16	98.72	102.64	110.25	116.19	113.06	111.76		105.50	106.01	105.36		146.08	105.05	278.24	105.93		111.85	99.25	350.58	103.98	102.87	104.10	102.56	100.14	162.34	103.01			113.82	102.39	104.65	108.29	97.80	124.94	135.20	110.98	109.49	106.11			107.92	113.97		134.61	80.39	108.55	104.83	116.62	180.91	98.38	130.77	97.43	104.92	170.50	109.24		103.10	92.72	101.67		131.56	180.52	317.05	109.92	112.09	162.71	309.61				
2017M12					102.31	176.33	574.82	113.32	106.99	150.15	112.52	114.79		104.89		102.61	125.74		126.23	105.06	98.61	102.95	109.82	117.36	113.21	111.12		105.92	106.11	105.57		144.87	105.05	280.87	105.93		111.74	99.61	355.73	111.21	103.43	104.10	102.66	101.47	168.06	103.06			114.04	102.69	105.01	107.79	97.61	125.06	135.82	110.76	109.39	106.11			108.24	117.24		134.84	80.26	108.23	104.73	116.85	183.14	98.95	130.65	97.23	105.13	171.48	109.45		104.67	92.82	101.47		132.06	182.99	322.45	110.02	111.80	159.93	313.89				
2018	103.56	119.80		113.59	103.90	194.77	594.41	116.04		161.49	114.82	117.92		104.87	107.73		128.30		128.81	105.73	102.50	104.94	113.50	117.05	114.48	113.25	210.95		109.75	106.36		146.11	106.55		108.35		115.56	103.17		104.89	105.90	106.74	103.94			104.46	115.97		117.96	107.06	108.58	106.66	100.50		140.53	111.83	113.97	108.34	115.01	164.65	107.97	125.75	108.30	136.37	81.43	110.37	106.86	120.13	197.22	101.38	131.63	99.65	106.40	161.65	110.79		108.89	93.69	102.48		138.94	219.29	352.51	111.91	114.19	174.33	355.58		115.33		
2018Q1	103.35	118.66		112.76	102.71	183.98	579.33	113.22	107.12	151.42	112.99	115.99		103.47	107.79		125.78		127.08	104.70	98.99	103.30	110.46	117.91	113.70	112.66		106.23	107.25	105.54		145.83	105.43		105.36		112.71	99.74		109.08	104.14	104.93	102.93	103.64		103.77	114.37		115.40	103.20	106.20	107.09	98.53		137.58	112.22	111.34	106.48	112.83	164.24	109.19	119.02	99.86	135.40	81.48	108.48	105.42	118.22		99.86	130.10	98.39	105.88	168.17	109.09		105.65	93.35	101.71		134.22	189.07	339.66	109.78	112.91	164.39	323.41				
2018M01					102.71	184.64	576.90	113.73	107.41	150.88	113.49	115.49		104.22		103.48	125.97		126.65	105.27	99.02	103.47	110.57	118.30	113.42	113.16		106.23	106.83	105.36		147.10	105.46		106.87		112.06	99.61	359.76	110.04	103.54	104.72	102.97	102.11		103.49			114.95	103.89	105.17	108.29	97.42		136.97		109.49	106.72		164.66	108.66	120.84		135.28	81.66	108.34	105.55	118.31	183.55	99.60	130.27	97.92	105.64	171.97	109.45		105.55	93.00	101.87		133.66	184.80	336.75	110.02	112.48	163.37	319.62				
2018M02					102.71	182.83	579.62	113.11	107.72	151.45	112.73	115.69		103.40		103.38	125.80		127.15	104.42	98.72	103.05	110.57	117.59	113.72	112.30		106.23	107.14	105.57		145.90	105.36		105.40		113.03	100.68		109.40	104.44	104.93	102.97	104.31		103.93			115.51	102.09	106.99	106.69	97.70		137.58		110.92	106.21		163.87	110.35	117.79		135.73	81.78	108.13	105.76	118.54	185.28	99.91	129.76	98.52	105.95	171.48	109.34		105.06	93.57	101.67		133.76	189.75	340.65	109.62	112.88	165.35	322.82				
2018M03					102.71	184.47	581.49	112.80	106.58	153.07	112.73	116.79		102.80		103.19	125.57		127.45	104.42	99.22	103.37	110.25	117.83	113.95	112.51		106.23	108.08	105.67		144.50	105.46		105.30		113.03	98.94		107.81	104.44	105.13	102.87	103.88		103.89			115.74	102.09	106.45	106.29	100.46		138.19		111.02	106.52		164.20	108.55	118.44		135.17	80.99	108.76	104.93	118.65	183.65	100.07	130.27	98.72	106.06	171.15	108.49		106.34	93.47	101.57		135.25	192.67	341.45	109.72	113.37	164.46	327.80				
2018Q2	103.54	119.52		113.07	103.56	197.50	590.56	114.38	107.71	158.95	114.91	118.69		105.41	110.10		127.66		128.19	105.51	101.01	104.48	113.26	117.40	114.18	112.30			109.42	105.57		144.47	106.23		108.74		114.83	100.79		107.59	106.13	105.41	103.62	105.21		104.23	115.67		117.02	106.31	107.77	106.76	101.19		140.01	112.54	112.33	108.40	113.95	166.17	108.38	124.22	106.02	135.55	81.56	110.20	106.42	119.76		100.60	131.41	99.01	106.26	170.83	110.20		108.20	93.63	102.71		137.52	204.75	344.62	111.84	114.12	172.33	346.47				
2018M04					103.02	194.10	587.32	113.11	107.20	155.50	113.60	117.49		103.03		103.00	125.87		127.88	104.95	99.43	103.58	111.86	118.00	113.93	111.98		106.33	108.49	105.05		144.40	105.78		107.40		112.60	97.71		106.96	105.45	104.82	103.17	103.61		104.02			116.53	103.99	106.96	106.79	100.84		138.13		110.82	107.24		166.30	108.66	122.36		135.28	81.30	108.97	105.24	119.11	185.89	99.72	130.52	98.81	105.95	172.95	109.02		106.93	93.76	101.97		136.15	197.68	341.45	110.22	113.66	165.20	341.29				
2018M05					103.62	201.05	590.26	114.45	107.92	159.47	115.12	118.89		105.64		103.48	128.64		128.19	105.90	101.66	104.62	113.15	117.14	114.23	112.08			109.63	105.67		145.30	106.29		110.44		114.87	101.20		107.81	105.90	105.54	103.69	105.28		104.32			116.64	106.38	106.72	107.09	101.12		140.18	114.75	110.92	108.78		166.56	108.24	123.78		135.62	81.91	110.55	106.69	120.12	193.21	99.70	131.66	98.91	106.26	174.09	110.30		108.40	93.47	102.97		137.45	205.18	344.35	112.31	114.15	172.97	347.53				
2018M06					104.03	197.37	594.13	115.59	108.34	163.08	115.99	119.69		107.59		103.76	128.48		128.50	105.69	101.96	105.25	114.77	117.07	114.37	112.84			110.46	105.99		143.70	106.61		109.92		117.02	103.45		108.02	107.03	105.85	104.00	106.12		104.35			117.89	106.98	109.62	106.39	101.60		141.71	115.29	112.66	109.19		165.64	108.24	126.51		135.73	81.48	110.87	107.31	120.91	199.81	102.38	132.04	99.31	106.57	175.72	111.27		109.28	93.66	103.17		138.95	211.40	347.95	113.01	114.55	178.80	350.59				
2018Q3	104.01	120.00		114.01	104.54	203.68	598.67	116.89	108.43	167.06	115.12	118.96		104.39	106.98		129.05		128.87	106.50	104.90	105.73	115.20	116.38	114.84	114.30			110.90	106.85		144.50	107.06		110.28		117.17	103.08		104.41	106.84	107.71	104.51			105.25	116.87		119.54	109.26	110.65	107.06	101.09		140.99	116.45	113.57	109.61	115.57	164.44	107.22	128.94	112.38	136.37	81.66	111.22	107.86	121.04		102.29	132.50	100.40	106.85	174.45	112.12		110.68	93.88	103.17		140.85	232.92	358.02	113.91	114.61	181.62	355.20				
2018M07					104.23	200.77	595.53	116.31	108.34	164.92	115.12	119.29		104.55		103.86	128.18		128.58	106.22	104.59	105.56	114.98	116.09	114.80	113.69			110.97	106.51		142.50	106.81		110.44		117.24	103.15		106.21	106.69	107.29	104.41	106.48		104.84			118.90	108.08	109.93	106.69	101.03		140.78	114.65	112.55	109.30		165.12	107.71	127.81		135.73	81.42	110.97	107.62	120.69	200.42	101.49	132.42	99.90	106.78	176.86	111.59		110.26	93.76	103.17		140.15	215.13	353.35	113.01	114.74	181.56	349.10				
2018M08					104.54	201.16	597.70	116.93	108.44	166.34	114.91	118.69		103.05		104.34	127.96		128.69	106.43	104.70	105.66	115.63	116.32	114.91	114.87			110.97	106.82		144.90	107.02		110.55		117.13	102.22		104.73	106.80	107.71	104.41	107.10		105.31			120.15	108.78	110.89	106.59	100.93		140.69	114.54	112.86	109.50		165.31	106.97	128.58		136.52	81.48	110.97	107.83	121.48	200.85	102.69	132.42	100.59	106.99	178.00	112.01		110.26	93.95	103.07		140.65	229.33	358.15	114.01	114.55	181.75	352.45				
2018M09					104.84	209.10	602.81	117.44	108.86	171.18	115.34	118.89		105.57		104.91	131.02		129.35	106.85	105.41	105.98	114.98	116.74	114.80	114.34			111.08	107.23		146.10	107.33		111.39		117.13	103.86		102.28	107.03	108.12	104.71			105.61			119.58	109.28	111.13	107.89	101.31		141.51	114.97	112.66	110.02		162.89	106.97	130.43		136.85	82.09	111.50	108.14	121.82	203.57	102.70	132.67	100.69	106.78	178.98	112.76		111.53	93.95	103.27		141.75	254.29	362.45	114.70	114.55	181.55	364.04				
2018Q4	103.34	121.03		114.52	104.81	193.92	609.06	119.68	108.88	166.88	116.28	118.06		106.20	106.08		130.70		131.08	106.22	105.10	106.26	115.09	116.51	115.20	113.73			110.76	107.47		149.63	107.51		108.64		117.53	109.08		98.46	106.50	108.91	104.71			104.59	116.97		119.88	107.38	109.70	105.72	101.19		143.53	116.56	113.94	108.85	117.70	163.74	107.11	130.83	115.02	138.16	81.01	111.43	107.73	122.24		102.77	132.50	100.82	106.61	177.76	111.76		111.01	93.91	102.34		143.15	250.42	367.19	112.11	115.10	178.98	397.24				
2018M10					105.25	212.63	606.51	120.12	108.65	170.01	116.86	119.09		106.48		105.39	132.77		130.06	107.17	105.10	106.71	115.95	116.78	115.11	114.66			111.39	107.65		148.30	107.65		112.64		117.89	107.25		95.80	107.70	109.56	105.12			105.25			119.58	109.88	111.11	108.19	100.93		142.04	114.54	112.76	110.84		164.66	106.87	135.22		138.08	81.97	111.92	108.45	123.29	210.18	102.18	133.43	101.38	106.68	181.42	112.76		111.24	94.13	103.47		142.65	256.60	363.55	112.11	115.53	181.80	365.54				
2018M11					104.94	190.78	609.14	120.54	109.58	167.24	116.43	117.99		106.23		105.10	130.68		131.56	106.32	105.20	106.60	115.84	116.70	115.29	113.59			111.08	107.85		150.20	107.65		108.97		117.56	110.89		99.52	106.92	108.84	104.82			104.51			119.81	106.68	109.87	105.19	101.50		144.00	115.19	113.06	108.99		165.05	107.08	130.97		138.42	80.69	111.61	107.83	122.27	211.60	103.25	132.80	100.89	106.57	182.08	111.80		111.24	93.85	102.57		143.25	250.11	369.65	112.01	115.04	179.30	388.06				
2018M12					104.23	178.37	611.57	118.37	108.75	164.64	115.56	117.09		105.89		104.15	128.64		131.63	105.16	105.00	105.46	113.48	116.05	115.21	112.94			110.15	106.92		150.40	107.23		105.82		117.13	109.10		100.05	104.89	108.32	104.20			104.01			120.26	103.99	108.11	103.79	101.12		144.54	114.75	113.37	106.72		161.51	107.40	126.29		137.97	80.39	110.55	106.90	122.04	204.59	102.89	131.28	100.20	106.57	180.45	110.73		110.55	93.76	100.97		143.55	244.55	368.25	112.21	114.74	175.85	438.11				
2019	102.73			115.58	104.01	201.06	631.78	117.22		208.60	118.35			106.86	108.81				132.16	106.47	105.02	107.63	112.77			113.03			110.09	106.87			107.56		108.72		118.02			99.01	104.72	106.93				104.48	117.05		120.02	106.98	106.55		102.69			115.01	114.54	109.35	117.57		110.23	121.26	104.67	138.31	82.76	111.95	106.87	124.87		101.62	132.40	101.56	107.13	169.13	110.46		112.12	93.63	101.50			257.80	367.10	112.83	116.12		509.34				
2019Q1	103.11	121.93		114.94	104.30	195.29	620.73	117.86	108.57	201.71	116.72			105.27	108.59		130.49		132.62	106.01	103.31	106.88	113.48	116.83	115.51	113.16			110.18	107.40		151.20	107.54		107.98		116.27			99.88	104.44	108.25				104.09	116.77		120.26	105.61	106.79	104.69	101.92		143.87	116.92	114.15	108.47	116.69	164.13	108.98	126.21	107.33	138.23	84.83	111.43	106.90	123.63		101.01	131.83	101.12	107.09	176.53	110.84		112.02	93.47	101.27			247.11	373.16	111.68	115.10	183.15	479.82				
2019M01					104.33	184.42	616.97	117.34	108.86	198.94	115.12	116.69		104.03			129.40		132.24	105.48	103.48	106.50	114.12	117.23	115.33	113.59			110.15	107.34		150.60	107.54		106.87		116.48			100.16	103.66	108.32				103.90			120.03	104.09	106.52	104.39	101.50		143.77		112.96	107.75		162.43	107.82	126.72		137.97	85.01	110.97	106.90	122.83	197.78	100.99	131.28	100.49	106.89	178.98	110.84		111.43	93.47	100.77		145.55	245.66	371.85	112.01	114.65	180.81	476.72				
2019M02					104.33	197.52	620.69	117.86	109.06	202.49	117.08	117.09		104.81			130.61		132.89	105.80	103.68	106.81	113.91	116.50	115.54	112.94			110.35	107.44		150.70	107.54		108.66		116.16			98.99	104.11	108.22				104.00			120.49	105.18	106.34	104.99	101.22		143.80		113.27	108.37		164.66	109.19	127.27		138.31	84.52	111.50	106.90	123.96	193.85	100.86	131.79	101.09	107.20	179.47	110.95		111.63	93.38	101.07		146.55	245.89	375.54	111.91	115.04	183.32	481.38				
2019M03					104.23	203.94	624.54	118.37	108.13	205.22	117.95			106.98			131.48		132.72	106.75	102.77	107.33	112.40	116.76	115.66	112.94			110.35	107.44		152.30	107.54		109.92		116.16			100.48	105.57	108.22				104.36			120.26	105.98	107.52	104.69	103.03		144.06		113.57	109.30		165.31	109.92	124.65		138.42	84.95	111.61	106.90	124.98	194.05	101.18	132.42	101.78	107.20	181.75	110.73		113.00	93.57	101.97			249.78	371.95	111.11	115.63	185.33	481.37				
2019Q2	103.25	122.79		115.35	104.17	211.59	631.99	117.34	108.30	208.24	117.98			106.51	111.00		134.04		132.69	107.06	104.63	108.17	112.58	117.23	115.78	113.44			110.01	106.47		152.30	107.71		109.37		117.42			100.76	105.79	106.95				104.64	116.97		120.56	108.39	106.67		102.90		144.80	116.59	114.18	110.50	116.99		110.14	122.69	104.16	138.23	82.88	112.07	107.62	125.21		101.51	133.01	101.94	107.16	181.43	111.12		112.15	93.60	102.57			261.88	368.16	112.61	116.45	190.87	477.76				
2019M04					104.44	215.84	628.54	117.65	108.54	207.46	118.49			106.85			133.35		132.93	107.59	103.07	108.07	113.15	116.86	115.84	113.69			110.46	107.02		152.70	107.85		111.28		117.24			100.69	105.68	106.98				104.66			120.83	108.28	107.35		102.46		144.52		113.37	110.84		167.67	110.45	125.52		138.42	83.37	112.03	107.52	125.77	195.72	101.12	133.05	101.68	107.20	184.19	111.48		112.22	93.66	102.67			257.22	366.35	112.11	116.41	186.16	475.06				
2019M05					104.23	217.04	632.03	117.55	108.75	208.53	118.38			106.84			135.47		132.64	107.49	105.30	108.59	112.72	117.78	115.87	113.26			110.56	106.51		151.20	107.75		110.44		117.89			100.90	106.24	107.09				104.78			120.15	109.18	106.51		102.84		144.64	116.70	113.16	111.05			110.24	124.33		138.53	82.70	112.24	107.93	125.89	196.63	101.50	133.31	101.98	107.20	185.17	111.48		112.22	93.66	102.97			264.09	373.94	112.51	116.51	190.43	478.96				
2019M06					103.83	201.90	635.43	116.82	107.92	210.28	117.08			105.84			133.31		132.51	106.11	105.51	107.86	111.86	117.06	115.63	113.37			109.32	105.88		153.00	107.54		107.92		117.13			100.69	105.45	106.78				104.48			120.71	106.08	106.16		103.41		145.23	117.34	113.37	109.61			109.71	118.22		137.75	82.58	111.71	107.42	124.87	200.24	101.89	132.67	102.17	107.09	185.82	110.41		112.02	93.47	102.07			264.34	364.05	113.21	116.41	196.03	479.25				
2019Q3	102.38	123.66		115.87	103.83	196.42	637.07	115.90	107.99	208.50	119.07			105.64	108.39		134.80		131.73	106.32	106.18	107.86	112.18		115.59	113.30			109.83	106.40		160.43	107.51		108.19		118.50			100.27	104.78	106.37				104.66	117.57		120.26	106.28	106.36		102.99		145.25	118.64	113.16	109.06	118.21		111.22	116.59	106.36	137.23	82.25	112.24	106.93	125.29		102.36	132.29	101.61	107.16	182.28	110.09		112.02	93.44	101.51			260.80	373.56	113.94	116.51	201.07	518.90				
2019M07					104.03	200.49	636.20	116.10	108.34	209.80	118.60			105.92			134.09		131.82	106.54	106.11	107.75	112.40		115.54	113.48			109.94	106.30		157.80	107.65		109.39		117.56			99.84	105.45	106.57				104.48			120.49	106.38	105.89		102.93		145.54	116.80	113.47	109.40			110.14	116.81		136.85	81.97	111.82	107.42	125.77		101.78	132.42	101.48	107.09	185.50	110.95		112.41	93.47	101.97			261.72	377.14	113.61	116.61	199.13	482.65				
2019M08					103.73	190.33	637.18	115.48	108.23	207.92	119.03			105.14			134.35		131.53	106.11	106.22	107.86	112.08		115.73	113.26			109.63	106.30		161.00	107.33		107.61		118.21			100.27	104.67	106.16				104.73			120.37	105.08	107.13		102.55		144.74	116.37	112.25	108.58			111.29	116.48		136.85	82.76	112.13	106.90	125.43		102.75	132.17	101.78	107.20	185.99	109.56		111.83	93.47	101.27			260.17	374.54	114.40	116.71	200.05	528.31				
2019M09					103.73	198.45	637.86	116.10	107.72	209.36	119.58			105.86			135.97		131.85	106.32	106.22	107.96	112.08		115.51	113.16			110.25	106.61		162.50	107.54		109.08		119.72			100.69	104.22	106.37				104.79			119.92	105.78	106.08		103.50		145.48	117.45	111.13	109.19			112.24	116.48		137.97	82.03	112.56	106.48	125.55		102.56	132.29	101.58	107.20	186.31	109.77		111.83	93.38	101.27			260.51	368.85	113.81	116.22	204.01	545.74				
2019Q4	102.17			116.18	103.76	200.93	637.32	117.79	107.92	213.80	119.65			110.02	107.28				131.61	106.50	105.95	107.61	112.83			112.23			109.66	107.20			107.47		108.99		119.90			95.13	103.88	106.16				104.54	116.87		119.02	105.54	106.37		102.96			118.60	111.99	109.37	118.41		110.59	119.53	100.87	139.54	81.08	111.89	106.04	126.15		101.60	132.46	101.55	107.09	182.92	109.77		112.28	93.99	100.64			261.42	352.96	113.07	116.41		560.89				
2019M10					103.62	191.14	637.18	117.55	107.61	211.12	119.58			106.20			135.96		131.88	106.64	106.11	107.65	112.51		115.70	112.62			110.15	106.40			107.44		107.40		119.61			92.09	104.33	106.37				104.54			119.24	104.98	107.11		103.22		145.10	117.13	111.02	109.09			111.82	116.59		139.43	81.30	111.92	106.59	126.11		101.74	132.42	102.08	106.89	186.80	110.20		112.22	94.15	100.87			260.95	364.35	113.41	116.71	209.35	556.87				
2019M11					103.83	200.67	636.45	117.65	108.34	213.46	119.69			111.51					131.64	106.54	105.81	107.54	112.83			112.51			109.94	107.54			107.44		110.23		120.15			96.55	103.66	106.06				104.39			119.13	104.49	105.77		102.93			116.80	111.13	109.19			110.98	118.55		139.76	81.05	111.71	106.07	126.45		101.38	132.42	101.28	107.09	186.31	109.77		112.61	93.85	100.37			260.76	353.45	113.01	116.22		564.34				
2019M12					103.83	210.97	638.37	118.16	108.13	218.45	119.69			112.37					131.30	106.32	105.91	107.65	113.15			111.55			109.21	107.65			107.54		110.86		119.94			96.76	103.66	106.06				104.68			118.68	105.58	106.22		102.74			116.59	111.23	109.81			108.98	123.45		139.43	80.87	111.82	105.45	126.79		101.68	132.55	101.28	107.30	186.64	109.34		112.02	93.97	100.67			262.56	340.95	112.81	116.32		561.46				
2020																																																	117.66																																										
2020Q1	100.95			116.38	103.46	169.45	648.38	115.86	107.54	219.27	118.35			110.27	109.99				131.50	105.94	105.61	108.34	110.35			109.90			106.32	106.61			107.58		105.47		120.98			96.83	103.06	105.13				104.53	116.57		118.34	102.46	104.96		103.12			119.00		108.23	118.11		111.12	116.19	100.85	140.40	80.53	111.71	105.59	126.94		100.48	132.42	102.83	107.02	183.83	108.52		110.03	93.62	100.91			269.01	350.99	113.04	116.41						
2020M01					104.03	202.88	642.88	117.65	108.03	218.17	120.01			111.62					131.35	106.96	105.91	109.01	113.05			110.80			108.28	107.54			107.96		110.23		121.01			95.91	103.99	105.85				105.07			118.56	105.28	104.57		103.41				111.33	110.12			111.40	121.82		140.10	80.57	111.92	106.69	128.60		100.43	132.93	102.27	107.20	187.13	110.20		110.94	94.05	101.58			267.38	348.75	112.91	116.91						
2020M02					103.62	185.13	647.47	116.51	107.92	218.10	118.82			110.32					131.59	106.85	106.01	108.27	110.03			109.94			107.14	106.92			107.75		107.82		120.69			98.35	102.42	105.34				104.73			118.23	104.09	105.47		102.93				111.23	109.40			111.72	117.79		140.44	80.57	111.71	105.45	127.35		100.36	132.67	103.26	107.30	187.62	109.13		110.26	93.45	101.17			268.66	348.95	112.81	116.32						
2020M03					102.71	120.35	654.83	113.42	106.99	223.19	116.21			108.89					131.57	104.00	104.90	107.75	107.98			108.97			103.83	105.36			107.02		99.84		121.23			96.23	102.76	104.20				103.80			118.23	96.49	104.85		103.03					105.18			110.24	108.96		140.66	80.45	111.29	104.62	125.77		100.63	131.66	102.96	106.57	187.78	106.25		108.89	93.37	99.98			271.00	355.15	113.41	116.02						
2020Q2	98.96			114.94	101.70	113.56	662.53	109.13	106.54	227.18	112.99			108.90	112.41					101.18	102.84	107.47	107.81			109.44				103.22			106.23		97.21		120.76			93.43	97.17	101.63				103.09			117.59	92.76	108.68		103.15					102.61	116.89		110.03	103.04	86.04	139.28	79.61	110.73	101.21	123.45			129.68	100.63	106.57	182.71	103.90		108.17	92.68	98.41				351.79	111.71	115.17						
2020M04					101.90	79.61	663.04	110.74	106.89	223.43	113.39			108.74					131.64	101.36	104.59	107.23	107.02			108.76				103.08			106.50		95.71		121.66			94.42	97.92	101.53				102.90			118.23	91.50	107.18		103.12					101.99			110.14	105.37		139.99	79.96	110.66	101.62	123.63			130.14	101.28	106.78	186.48	103.58		108.89	92.85	98.28				355.55	111.71	114.65						
2020M05					101.50	112.01	661.98	107.13	106.78	227.39	112.19			107.80					131.35	100.51	101.86	107.65	106.37			108.87				102.98			106.09		97.39		119.94			93.57	96.24	101.42				102.93			117.32	91.50	108.97		103.22			117.13		102.30			110.03	102.53		138.42	79.72	110.45	100.69	123.29			129.13	100.40	106.47	185.82	103.26		107.91	92.52	98.08				353.45	111.41	115.24						
2020M06					101.70	149.05	662.61	109.50	106.27	232.44	113.39			110.17						101.67	102.06	107.54	110.03			110.69				103.60			106.09		99.89		120.69			92.30	97.36	101.94				103.45			117.21	93.90	109.87		103.12					103.53			109.92	101.23		139.43	79.17	110.87	101.31	124.30			129.76	100.20	106.47	186.80	104.86		107.71	92.67	98.88				346.25	112.01	115.63						
2020Q3				115.45	101.83	160.57	672.57	113.42		251.48										101.81	100.00	107.51	110.53							104.12			106.36		99.80		123.24			96.23	98.93	102.97								96.07	104.01		103.18					103.88			110.24	102.97		142.79	78.92	111.01	101.52				130.44	100.40	106.82	186.44	106.46		106.93	92.52					355.02	112.24	116.51						
2020M07					101.80	158.74	665.76	111.26	106.47	239.73	116.10			114.91						102.31	100.44	107.65	110.03			109.62				104.01			106.29		100.67		121.55			91.45	98.71	102.87				103.69			116.98	95.99	106.65		104.07					104.15			109.71	101.23		141.44	79.05	111.19	101.52	124.87			130.65	100.30	106.78	189.08	106.35		106.93	92.64					347.65	112.51	116.32						
2020M08					101.80	167.00	671.76	111.67		252.77	115.34									101.78	100.34	107.33	111.00			110.80				104.01			106.29		100.47		122.42				98.93	102.97				104.20			116.98	95.89	103.29		103.03					104.05				102.42		142.68	78.86	110.76	101.52	124.53			130.52	100.59	106.89	190.39	106.25		106.73	92.40					355.65	111.81	116.51						
2020M09					101.90	155.98	680.22			263.84										101.36	99.22	107.54	110.57							104.33			106.50		99.66		125.76				99.16	103.07								94.90	102.09		102.46					103.43				105.26		144.24	78.86	110.87	101.52				130.14	100.30	106.78	191.04	106.78		107.12	92.53					361.65	112.41	116.71						
2020Q4																																																																																											
2020M10						153.41				276.66										102.31		107.96	109.28							104.33			106.50								98.60	103.69								95.20												109.62		145.48			101.62				130.52			191.86										112.61	117.30						
2020M11						154.64				285.83																																																																											117.10						
