Country	Albania	Algeria	Armenia, Rep. of	Australia	Austria	Azerbaijan, Rep. of	Belarus, Rep. of	Belgium	Bosnia and Herzegovina	Brazil	Bulgaria	Canada	Central African Rep.	Chile	China, P.R.: Hong Kong	China, P.R.: Mainland	Colombia	Congo, Rep. of	Costa Rica	Croatia, Rep. of	Cyprus	Czech Rep.	Denmark	Ecuador	El Salvador	Estonia, Rep. of	Ethiopia, The Federal Dem. Rep. of	Euro Area	Finland	France	Gabon	Gambia, The	Georgia	Germany	Ghana	Greece	Guatemala	Hungary	Iceland	India	Iran, Islamic Rep. of	Ireland	Israel	Italy	Japan	Jordan	Kazakhstan, Rep. of	Korea, Rep. of	Kosovo, Rep. of	Kyrgyz Rep.	Latvia	Lithuania	Luxembourg	Malaysia	Malta	Mauritius	Mexico	Montenegro	Morocco	Netherlands, The	New Zealand	Nicaragua	North Macedonia, Republic of	Norway	Oman	Paraguay	Philippines	Poland, Rep. of	Portugal	Romania	Russian Federation	Senegal	Serbia, Rep. of	Slovak Rep.	Slovenia, Rep. of	South Africa	Spain	Sudan	Sweden	Switzerland	Thailand	Trinidad and Tobago	Tunisia	Turkey	Ukraine	United Kingdom	United States	Uruguay	Uzbekistan, Rep. of	Vietnam	Zambia	Advanced Economies
1970				11.65	42.89			27.95				19.53	10.83				0.18	21.36					16.63						19.43		21.49			37.76			27.35	4.70				15.62			56.38			7.63												35.84	7.15																	56.37	11.56	54.74	11.03					8.69	19.96				0.56	
1971				12.22	45.12			27.77				19.90	11.39				0.21	21.52					17.17						20.41		22.36			39.35			27.91	4.81				16.45			55.93			8.28												37.97	7.68																	53.94	11.82	56.91	11.06					9.48	20.62				0.59	
1972				12.81	46.88			28.91				20.79	12.10				0.24	24.26					18.18						22.13		23.46			40.40			27.72	4.91				18.21			56.83			9.44												39.80	8.22																	58.85	12.36	59.23	11.93					9.97	21.53				0.64	
1973				13.92	47.47			32.47				23.10	12.39				0.31	25.55					20.85						26.00		25.14			43.08			31.67	5.05				21.56			65.77			10.09												42.27	9.26																	68.06	13.76	64.28	14.66					10.72	24.36				0.67	
1974				16.05	54.66			37.91				27.49	14.84				0.42	29.46					25.36						32.34		30.78			48.85			38.88	5.22				24.08			83.86			14.34												46.05	10.01																13.27	86.57	17.17	73.26	18.89					13.11	28.94				0.77	
1975				18.46	58.15			38.38				30.62	17.64				0.53	33.58					26.81						36.74		35.41			51.12			43.68	5.77				30.14			86.24			18.14												48.82	11.34																14.48	100.00	18.30	74.15	19.59					16.11	31.62				0.89	
1976				20.55	61.54			41.11				32.18	18.48				0.65	38.10					28.96						39.75		41.55			53.00			48.26	6.04				35.68			90.94			20.34												52.20	13.87																16.40		19.93	73.38	20.37					18.77	33.09				1.07	
1977				22.64	63.40			42.10				34.69	19.93				0.82	42.79					31.10						43.77		47.54			54.46			54.55	6.16				42.01			93.99			22.18												55.07	16.16			19.43				0.05									19.72		21.83	73.32	21.95					22.33	35.12				1.33	
1978				24.50	64.01			41.31				37.90	21.43				0.97	47.00					32.44						46.20		51.78			55.09			56.51	6.39				45.80			93.53			24.77												55.88	18.02			20.21				0.06									22.96		23.57	72.33	23.59					24.34	37.85				1.59	
1979				28.12	66.70			43.90				43.41	24.39				1.24	50.96					35.66						50.70		54.85			57.73			62.28	6.52				51.23			98.20			29.41												57.31	21.21			21.67				0.06									26.29		26.36	73.71	26.24	21.55				27.21	42.60				1.84	
1980				32.07	72.44			46.44				49.22	28.31				1.54	58.39					41.83						59.01		63.44			62.10			72.30	7.52				56.82			112.87			40.87					51.04							61.54	26.05			24.56				0.06								9.35	30.87		30.08	77.00	31.51	25.72				31.54	48.61				2.17	
1981				34.77	78.25			52.98				54.24	32.45				1.91	66.18				23.95	48.37					52.36	66.56		69.94			66.96			80.79	8.00				66.28		35.31	114.42			49.21					56.49				0.12			66.90	30.44			27.14				0.07								10.59	35.70		33.45	81.32	34.51	30.06		0.00		34.92	53.05				2.29	
1982				37.88	80.76			60.11				57.87	37.12				2.40	76.10				25.79	53.54					56.78	71.34		80.23			70.89			75.88	8.38				74.13		39.95	114.92			51.51					66.59				0.18			69.79	35.03			29.45				0.14								11.93	40.14		37.75	84.31	34.83	34.21		0.00		37.90	54.12				2.61	
1983				40.94	81.25			64.15				59.88	40.39				2.92	81.93				25.62	56.21					59.77	75.31		86.65			71.92			76.79	8.77				78.98		44.34	114.23			51.59					69.88				0.36			70.30	36.94			31.36				0.17								13.14	45.77		41.94	85.26	35.54	38.49		0.01		40.36	54.80				3.19	
1984				43.16	84.28			69.00				62.60	42.77				3.46	93.83				27.75	60.44					63.42	79.35		92.85			74.00			81.12	9.24				84.79		48.91	114.32			51.97					74.19	47.09			0.60			73.10	39.56			33.53				0.19								14.26	51.35		45.18	87.76	34.44	40.46		0.01		42.76	56.11				3.98	
1985				46.01	86.48			70.80			0.28	64.30	45.64				4.32	100.00				28.24	62.06					66.10	82.90		100.00			75.81			100.00	9.69				88.15		52.68	113.42			52.43					76.41	46.11			0.95			75.43	45.65			35.15				0.23								16.47	55.43		47.53	89.54	34.43	42.38		0.01		45.42	55.84				5.51	
1986				48.57	81.93			62.67			0.28	64.86	47.43				5.27	103.65				28.11	57.86					64.43	78.61		102.28			73.90			142.94	9.90				87.09		52.77	108.11			51.67					74.48	43.25			1.77			67.76	48.27			33.96				0.26								19.58	55.95		46.21	88.41	34.28	45.11		0.02		46.02	54.22				11.36	
1987				52.13	80.30			59.56			0.28	66.67	47.77				6.59					28.11	57.76					63.67	79.30		104.55			72.06				10.18				88.50		54.35	104.74			51.90					69.63	44.85			4.27			66.02	52.10			35.18				0.33								22.40	56.41		47.50	87.77	36.32	46.99		0.02		47.60	55.65				22.88	
1988				56.85	80.10			60.54			0.29	69.55	46.77				8.45					28.18	60.03					64.95	82.52		109.68			72.96				10.73				92.14		56.28	104.17			53.31					71.47	48.14			8.76			66.70	54.82			36.79				0.53								25.52	58.10		50.02	89.65	39.30	49.79		0.04		49.35	57.89				24.02	
1989				59.75	81.52			64.51			0.29	70.97	48.62				10.83					28.18	63.47					67.64	86.65					75.27				12.34				96.54	28.74	59.58	106.13			54.10					76.91	50.08			9.76			69.86	58.71			38.77				1.70								29.47	60.53		53.88	92.51	41.11	54.23		0.06		51.71	60.76				46.05	
1990				63.32	83.86			63.87			0.32	71.17	49.41				13.71					29.38	64.15					69.45	89.55					76.56				14.99				94.99	32.06	62.05	107.72			56.36					75.35	50.41			11.88			68.38	61.43			40.31				12.08		0.03						32.95	61.83		56.41	94.66	42.53	55.00	46.17	0.09		54.94	62.92				100.00	
1991				64.24	84.58			63.20			1.27	70.43	48.84				17.50		47.32	0.26		50.34	64.74					71.24	89.80					78.38				20.14				95.81	37.21	64.12	108.85			59.02					73.41	52.45			14.45			68.68	61.95			41.27				18.16		0.09				43.56		36.68	62.78		57.18	95.89	45.41	55.10	48.66	0.14		57.90	63.06				193.04	
1992				65.22	84.38			62.07			0.50	70.76	48.97				21.02		51.18	2.43		55.34	64.02					72.31	90.79					79.51				22.15				97.37	40.99	65.34	107.86			60.30			17.53		71.44	53.03			16.23			67.83	63.23			41.09				23.19		0.27	0.04			45.87	35.81	39.47	63.60		56.44	96.59	45.52	55.53	50.46	0.23	0.00	59.70	63.44				447.22	
1993				66.53	84.03			60.49			0.09	73.32	48.25		86.70		24.01		50.95	39.10		62.55	63.69					73.36	93.48					79.63				25.24				101.86	44.35	67.80	106.18			61.21		2.57	38.05	27.25	70.49	53.80			17.44			66.55	64.79		32.16	40.68			38.16	30.66		0.72	0.43			53.76	43.60	42.04	65.21		59.97	97.01	45.33	58.50	52.82	0.36	0.12	62.07	64.37					
1994				67.04	85.16			61.46			1.06	77.76			88.50		28.13		52.16	69.45		64.14	64.44			44.27		74.85	94.73					80.11				28.33				103.00	47.85	70.31	104.44			62.87		8.10	44.46	39.44	71.54	56.42			18.50			67.05	65.66		60.95	41.20			39.73	39.89		1.73	1.86			59.12	51.31	45.74	67.99		62.83	96.56	47.13	61.66	54.62	0.80	1.50	63.62	65.20					
1995				69.46	85.43			63.47		24.45	1.66	83.54			90.95		33.22		56.56	69.96		68.09	66.29			55.60		78.08	95.35					81.50		92.16		36.41				105.63	52.96	75.84	103.56		14.98	65.81		9.87	49.74	50.61	74.34	59.53			25.65			68.84	66.18		63.82	42.26			41.42	50.08		2.34	6.26			64.45	57.85	50.53	72.32		67.68	96.48	50.98	63.87	57.71	1.49	8.81	66.18	67.53					
1996				70.05	85.43			64.84		25.99	3.86	83.88			90.86		38.22		56.87	70.91		71.34	67.02			63.83		78.32	94.93					80.51		97.46		44.36				106.30	57.52	77.28	101.84		18.56	67.95		12.14	56.55	59.35	72.03	60.89			34.34			69.87	66.57		63.77	43.18		28.90	43.10	56.68		3.51	9.44			67.11	61.78	54.80	73.54		66.49	94.78	51.92	65.71	59.87	2.62	13.38	67.91	69.12					
1997		61.56	57.12	70.92	85.75			67.23		28.11	41.32	84.48	74.41		90.60		44.11		56.70	72.53		74.86	68.27			69.17		79.13	94.99					81.46		100.81		53.36			18.44	105.70	61.14	78.28	102.51		21.44	70.52		15.33	58.88	61.85	73.10	62.48			40.37		72.25	72.08	66.84		66.42	43.77		29.24	44.63	63.59		9.02	10.86			70.13	65.55	59.27	74.29		67.27	94.09	54.54	66.98	61.31	4.77	14.41	68.57	69.07					
1998	68.51	64.05	65.47	68.11	85.30			65.96		29.10	48.35	84.80	74.38		88.94		51.76		55.81	71.65		78.49	67.90	13.62		72.10		78.65	93.77				45.47	81.13		103.69		59.46			21.89	106.61	63.69	78.36	100.96		21.62	79.13		16.55	59.98	57.24	74.87	69.22			46.81		70.31	70.23	67.28		69.22	44.02		33.59	49.48	68.20		12.01	11.62			72.41	69.47	61.89	73.80		66.88	92.93	61.19	67.95	63.26	8.19	16.31	68.61	67.36					
1999	70.01	66.12	69.31	67.49	84.58			65.98		33.93	49.70	86.32	75.29		87.53		56.84		55.32	73.50		79.29	68.24	22.74	66.75	71.22		78.09	91.33	82.08			51.96	80.31		106.18		62.45			26.91	107.59	68.19	78.16	99.48		25.70	77.49		25.43	57.58	58.09	71.98	66.96			53.48		70.75	70.49	67.95		69.94	45.38		35.37	52.95	71.98		17.36	18.47			75.17	70.93	64.94	74.31		67.64	92.01	58.30	69.11	63.50	12.53	21.38	68.99	67.92					
2000	73.46	67.64	69.02	72.31	88.00		81.77	72.95		40.08	58.41	89.99	80.09		87.71		64.34		57.24	80.59	68.90	83.16	72.29	49.82	71.33	74.68		83.14	97.21	85.66			54.96	82.95		111.76		69.18			31.28	113.78	70.67	82.86	99.53		35.46	79.10		33.00	57.94	69.62	74.72	69.04	111.76		57.67		77.32	79.15	73.14		77.52	48.52		40.57	59.55	77.53	83.19	26.64	27.07			82.53	76.39	69.26	78.34		71.58	92.88	60.59	70.01	65.62	18.98	25.84	69.97	71.85					
2001	69.46	70.35	69.77	74.52	88.22		74.52	74.52		45.13	60.56	90.87	87.24		86.30		70.39		58.40	80.30	70.45	85.50	75.08	74.52	72.05	77.30		86.11	94.98	87.54			56.66	87.65		112.91		73.33		74.52	34.69	115.68	70.59	84.28	97.26		35.59	78.72		36.01	58.59	67.58	75.52	69.40	112.91		60.57		75.91	79.77	77.51		79.59	47.11		42.94	68.57	78.82	85.71	36.19	32.26			87.98	81.83	74.52	79.64		76.67	93.33	62.10	70.64	67.74	30.68	28.08	70.06	72.64	32.09				
2002	73.94	72.48	72.28	74.69	87.22		74.69	74.69		52.65	61.34	90.93	94.75		83.96		74.11		57.48	79.98	72.01	85.05	76.50	74.69	70.60	76.47		85.14	91.91	87.96			60.24	86.04		110.33		73.15		74.69	39.36	114.37	73.32	84.33	95.24	52.34	35.67	78.50		37.93	58.85	65.74	74.75	68.88	110.33		63.66		74.97	78.70	77.61		78.98	45.56		51.48	69.96	79.73	86.15	44.33	35.62			89.80	84.78	74.69	79.92		79.44	92.88	63.14	71.06	69.83	46.05	28.94	69.78	70.98	42.33				
2003	78.51	75.27	78.68	73.77	87.17		73.77	73.77		67.15	64.37	89.82	98.35		83.67		80.87		57.92	81.03	74.31	84.77	76.19	73.77	72.72	76.62		86.15	89.97	88.51			62.25	88.63		104.43		74.50		73.77	45.52	105.11	76.50	85.10	94.44	53.68	38.99	80.20		40.06	60.86	65.36	75.45	72.05	104.43		68.42		75.97	79.27	77.03		79.00	47.19		65.10	76.00	81.87	86.98	52.60	41.46			97.27	85.82	73.77	80.49		80.41	92.88	65.67	71.70	71.48	57.82	31.17	69.92	74.77	58.81				
2004	87.00	78.59	68.26	79.42	88.67		79.42	79.42		74.18	68.21	92.69	97.81		85.56		85.05		61.48	83.75	77.31	89.57	78.01	79.42	77.48	78.82		87.58	90.19	90.16			65.15	89.71		101.01		77.50		79.42	53.18	102.58	80.65	87.03	95.64	56.92	45.51	85.07		43.59	65.77	69.24	83.14	77.07	101.01		74.29		79.77	82.25	78.49		79.72	52.73		68.86	85.15	87.71	89.27	62.72	51.14			99.04	88.03	79.42	83.03		82.49	93.51	70.08	74.20	73.48	66.24	37.51	71.73	79.39	67.45				
2005	91.38	81.31	73.43	84.22	91.42		84.22	84.22		78.31	73.60	94.22	100.00		86.24		87.72		64.98	87.38	81.37	92.27	84.16	84.22	84.51	80.50		90.81	92.17	92.85			70.00	92.61		100.40		80.76		84.22	58.21	102.50	85.69	90.11	97.23	62.30	56.29	86.88		44.95	70.99	77.27	88.29	82.36	100.40		77.79	81.20	87.04	87.52	82.12		82.24	61.44		75.04	92.84	88.35	92.20	73.06	61.66			102.50	89.69	84.22	86.77		84.04	94.53	76.47	75.89	76.51	70.15	43.78	77.40	85.20	65.71		60.98		
2006	92.05	83.28	74.11	89.39	92.96	62.61	89.39	89.39		78.94	83.08	96.36			88.20		91.38		69.12	88.66	85.54	93.72	90.43	89.39	88.52	84.04	46.98	94.89	95.68	95.80			77.57	96.32		106.26		86.74	60.25	89.39	65.29	103.32	90.57	94.14	99.34	72.13	66.67	87.67		52.10	78.24	82.95	93.89	87.86	106.26		82.13	84.25	92.21	92.03	87.21	65.55	87.87	69.32		80.37	103.22	90.30	96.71	77.97	69.31			105.85	91.71	89.39	91.19		85.94	96.45	81.88	79.38	82.11	75.97	47.93	82.37	89.18	69.60				90.13
2007	95.35	85.82	74.59	91.43	95.54	73.66	91.43	91.43		83.36	89.37	97.84			90.83		92.32		77.80	91.92	88.36	97.62	92.19	91.43	92.71	90.97	68.38	96.86	97.95	97.84			86.57	97.50	55.41	101.14		87.42	61.34	91.43	79.29	101.27	93.69	97.00	101.07	78.70	74.91	88.93		58.23	90.84	88.67	99.45	92.72	101.14	87.86	85.76	91.60	93.84	96.60	89.29	73.43	90.08	69.32	84.66	83.33	102.47	92.30	98.92	82.93	79.08			104.59	95.55	91.43	94.09		89.54	98.68	84.51	84.85	84.76	80.76	57.26	83.69	93.46	77.82				92.88
2008	99.35	93.82	76.20	98.82	98.88	90.91	98.82	98.82	95.21	94.78	98.60	102.10			95.96		98.98		95.31	98.19	98.02	102.01	103.93	98.82	108.09	97.37	88.83	101.77	102.12	102.37			95.02	101.53	73.01	99.90		92.32	80.38	98.82	89.29	99.86	102.69	101.94	105.69	122.92	102.50	96.53		72.99	101.48	104.79	105.54	102.17	99.90	101.08	91.86	106.29	110.69	103.77	98.87	89.39	99.20	85.14	115.42	94.15	106.64	94.66	103.64	93.44	96.01	94.15	82.50	106.90	99.22	98.82	99.49		92.98	101.69	95.01	93.31	94.69	91.03	77.61	96.02	102.63	91.01				100.33
2009	99.73	97.00	81.59	93.39	97.33	73.31	93.39	93.39	103.40	94.59	91.80	98.53		81.29	94.35		100.90		89.07	95.93	96.39	98.77	93.15	93.39	95.51	96.78	80.91	97.19	95.10	97.53		90.95	89.81	98.19	84.30	98.73		96.45	89.48	93.39	90.54	100.30	96.17	97.14	100.14	102.43	79.89	96.33	96.10	81.26	97.24	90.68	95.07	94.69	98.73	97.52	95.96	100.52	93.97	91.78	97.38	87.29	92.02	84.48	80.77	93.86	105.18	97.86	97.07	95.84	89.11	94.25	88.27	99.47	97.91	93.39	96.18		91.74	100.16	91.40	97.38	97.42	92.15	82.73	95.43	93.60	92.93		88.79		95.64
2010	100.00	100.00	100.00	100.00	100.00	100.00	100.00	100.00	100.00	100.00	100.00	100.00		100.00	100.00	100.00	100.00		100.00	100.00	100.00	100.00	100.00	100.00	100.00	100.00	100.00	100.00	100.00	100.00		100.00	100.00	100.00	100.00	100.00		100.00	100.00	100.00	100.00	100.00	100.00	100.00	100.00	100.00	100.00	100.00	100.00	100.00	100.00	100.00	100.00	100.00	100.00	100.00	100.00	100.00	100.00	100.00	100.00	100.00	100.00	100.00	100.00	100.00	100.00	100.00	100.00	100.00	100.00	100.00	100.00	100.00	100.00	100.00	100.00		100.00	100.00	100.00	100.00	100.00	100.00	100.00	100.00	100.00	100.00	100.00	100.00		100.00
2011	102.63	102.14	107.75	108.91	104.06	123.91	108.91	108.91	104.66	109.44	109.58	106.94		112.17	108.31	106.44	108.83		113.59	107.13	105.04	105.52	108.60	108.91	106.05	104.44	142.51	105.15	105.59	104.56		111.40	112.82	104.15	118.54	102.15		104.22	109.18	108.91	137.86	100.68	107.76	104.77	101.43	114.70	127.23	106.71	104.55	121.80	107.62	113.89	108.54	112.32	102.15	108.93	105.22	103.60	114.80	110.90	104.72	120.92	111.87	116.28	123.33	112.63	100.92	107.49	105.82	107.09	117.71	107.56	112.83	104.60	104.53	108.91	106.45		100.37	98.80	105.45	102.84	105.82	111.09	119.06	109.13	103.87	115.93	119.63	118.43		106.18
2012	103.78	104.84	115.27	112.97	104.97	139.89	112.97	112.97	105.08	115.89	114.05	108.12		104.81	108.44	104.60	108.75		118.51	112.81	112.25	107.79	111.11	112.97	110.36	106.85	147.32	107.61	107.03	106.97		120.50	114.65	105.94	138.84	100.74		108.52	110.32	112.97	171.88	102.53	112.43	108.52	100.56	120.10	131.73	107.45	106.55	119.19	111.62	119.60	108.80	111.79	100.74	112.42	110.10	105.59	118.14	111.36	105.76	128.10	113.40	119.47	130.08	116.33	100.33	110.96	109.75	112.90	125.19	112.52	120.57	106.42	105.44	112.97	110.05		99.40	98.34	106.52	107.11	111.23	117.85	123.40	111.70	105.80	123.38	136.96	122.50		108.01
2013	103.33	105.04	120.72	112.40	104.05	134.40	112.40	112.40	103.24	122.76	112.19	108.56		100.69	105.07	102.61	107.35		122.09	112.54	109.94	108.64	112.91	112.40	111.29	111.24	153.25	107.07	106.63	106.96		133.33	112.36	105.74	151.82	97.72		109.35	105.51	112.40	236.39	102.11	112.90	107.34	101.81	117.03	131.28	105.73	109.10	111.94	113.62	116.77	105.02	108.77	97.72	117.75	111.60	107.47	115.93	110.09	107.36	133.85	111.85	120.25	127.46	116.90	92.74	109.51	109.05	115.27	129.64	109.47	123.15	105.37	105.47	119.74	109.98		96.62	98.53	106.85	109.14	113.20	123.13	123.34	115.34	107.25	128.25	153.03	128.93		107.35
2014	102.85	106.13	130.95	108.50	102.91	127.59	108.50	108.50	102.77	128.40	110.79	111.26		92.89	103.29	100.66	110.47		118.44	109.73	106.83	107.82	111.79	108.50	112.41	109.50	163.12	105.66	105.60	105.54		154.54	115.57	105.17	206.43	97.14		108.90	104.81	108.50	254.37	100.79	111.36	105.79	105.07	115.06	143.71	105.17	110.87	112.21	114.09	111.01	102.95	110.43	97.14	118.13	114.58	108.09	112.65	108.28	107.44	145.48	109.63	118.56	124.60	120.23	91.89	109.00	106.99	115.11	137.59	108.45	125.03	101.77	104.82	128.61	108.38		98.00	97.72	107.00	111.34	115.51	135.76	144.51	106.84	108.94	141.59	173.99	133.13		106.29
2015	100.73	108.52	129.94	103.14	101.39	88.57	103.14	103.14	100.64	136.08	108.60	110.32		91.75	100.45	95.42	114.77		120.81	105.69	101.34	104.38	107.67	103.14	112.29	107.26	177.17	103.96	103.59	103.81		166.32	124.24	104.60	232.81	95.03		107.86	110.16	103.14	272.13	106.21	104.83	102.96	102.67	103.88	114.22	100.95	113.82	122.43	113.02	100.33	102.10	102.20	95.03	120.71	117.94	108.37	107.49	102.92	105.13	149.39	105.39	108.96	96.35	122.56	85.72	105.96	103.49	112.55	156.61	103.58	126.59	98.83	104.58	133.25	106.78		98.00	94.24	102.60	114.02	121.34	142.93	196.09	99.74	107.99	151.27	197.46	132.35		103.10
2016	99.25	112.98	131.90	101.66	99.54	112.97	101.66	101.66	97.83	141.41	105.22	110.10		91.11	101.78	99.10	120.97		117.30	101.50	97.17	100.98	106.16	101.66	111.29	106.50	182.56	101.96	101.17	101.50		173.35	124.09	103.30	258.28	94.87		106.03	101.25	101.66	281.78	104.90	101.03	100.98	99.08	94.77	133.45	99.11	113.75	130.27	110.29	95.95	100.90	101.12	94.87	120.84	124.63	107.93	109.22	100.36	105.61	149.65	102.13	100.22	78.08	128.66	81.63	105.66	100.72	110.53	163.37	100.47	127.10	94.89	103.16	142.69	103.87		97.10	92.83	101.39	115.35	123.05	149.07	237.11	102.10	108.45	156.34	229.62	131.54		100.84
2017	101.86	115.11		110.29	101.49	154.54	110.29	110.29	100.76	145.12	110.46	113.55		99.99	105.63	105.35	122.03		115.58	103.54	100.17	102.84	108.82	110.29	112.71	110.33	202.00	104.80	105.19	103.88		176.75	137.69	105.31	272.52	96.30		109.52	96.62	110.29	309.15	104.74	102.49	103.34	101.39	98.67	153.86	102.53	114.42		113.00	100.80	103.85	107.89	96.30	123.66	133.24	108.28	111.06	105.20	110.35		107.02	109.52	88.71	132.78	80.88	108.54	104.08	114.37	175.61	103.10	130.17	97.20	105.38	149.64	108.19		102.11	92.39	102.10	117.57	128.72	172.66	299.81	106.57	110.97	158.96	269.80			104.14
2018	103.56	119.80		116.04	103.90	194.77	116.04	116.04	104.33	161.49	114.82	117.92		104.87	107.73	109.06	128.30		117.79	105.73	102.50	104.94	113.50	116.04	114.48	113.25	210.95		110.22	106.36		180.70	146.11	107.27		100.50		115.56	103.17	116.04		102.89	105.90	106.74	103.94			104.46	115.97		117.96	106.47	108.58	106.66	100.50		140.53	111.83	113.97	108.34	115.01	164.65	107.97	125.75	108.33	136.37	60.83	110.78	106.86	120.12	197.20	105.09	131.63	99.65	107.56	157.80	110.79		108.89	93.69	102.48		138.94	219.29	352.51	109.91	114.19	174.33	355.58			
2019	102.73			117.22	104.01	201.06	117.22	117.22	104.48	208.60	118.35			106.86	108.81	108.72			118.73	106.47	105.02	107.63	112.77	117.22		113.03			110.69	106.87		191.99		108.28		102.69		118.02		117.22		101.37	104.72	106.93				104.48	117.05		120.02	106.39	106.55		102.69			115.01	114.54	109.35	117.57		110.23	121.26	104.69	138.31	59.42	112.36	106.87	124.86	201.15	106.15	132.40	101.56	108.29	165.10	110.46		112.10	93.40	101.50			257.80	367.10	112.74	116.12		509.34			
2020	99.19			112.87	102.36	151.20	161.73	112.87	103.19	245.79	116.10				111.33	106.70			119.35	102.94	102.38	107.75	109.68			110.26			105.55	104.83		194.02		107.46		103.02		123.01				92.24	99.50	103.39				104.01	116.37		117.74	96.91	104.48		103.02					104.78	117.65		110.91	108.93	90.30	142.10	56.67	111.78	102.42	124.85	193.60	108.70	130.83	101.11	108.02		106.53		108.27	91.96					360.21	112.44	116.33		585.01			
2021	101.87				110.49	256.43	181.53	132.45	108.97	332.83	133.86				112.63	108.46			122.62	111.21	109.10		124.64			124.01			118.97	113.92				115.50				139.61				91.38						110.64			133.13	106.23	116.31		106.32					117.89	124.37		123.26	150.06	105.22	154.38	55.66	120.77	111.50		240.97	119.73	142.10	107.99	114.01		122.33		119.85						507.26	118.11			639.53			
