downloaded from https://www.stat.go.jp/data/roudou/longtime/zuhyou/lt01-a10.xlsx 2011年3月から8月までの期間は，東日本大震災の影響により全国集計結果が存在しないため，補完推計値（2015年国勢調査基準）を用いた（< >内の数値）。
				労働力人口			就業者			雇用者			完全失業者			非労働力人口			完全失業率（％）		
year	month	Mon	star	Labour force			Employed person			Employee			Unemployed person			Not in labour force			Unemployment rate  (percent)		
				男女計	男	女	男女計	男	女	男女計	男	女	男女計	男	女	男女計	男	女	男女計	男	女
				Both sexes	Male	Female	Both sexes	Male	Female	Both sexes	Male	Female	Both sexes	Male	Female	Both sexes	Male	Female	Both sexes	Male	Female
昭和28年	1月	Jan.	*	(4122)	(2416)	(1708)	(4044)	(2371)	(1673)	(1715)	(1222)	(493)	(79)	(45)	(34)	(1566)	(325)	(1244)	(1.9)	(1.9)	(2.0)
1953	2月	Feb.	*	(4001)	(2375)	(1625)	(3925)	(2331)	(1590)	(1687)	(1200)	(486)	(77)	(44)	(33)	(1668)	(359)	(1310)	(1.9)	(1.9)	(2.1)
	3月	Mar.	*	(4008)	(2382)	(1624)	(3939)	(2339)	(1598)	(1676)	(1195)	(480)	(73)	(45)	(28)	(1670)	(353)	(1316)	(1.8)	(1.9)	(1.7)
※注_Notes	4月	Apr.	*	3956 	2369 	1588 	3877 	2321 	1554 	1647 	1186 	461 	81 	48 	33 	1727 	369 	1357 	2.0 	2.0 	2.1 
	5月	May	*	3917 	2357 	1562 	3837 	2307 	1531 	1648 	1193 	456 	80 	50 	30 	1785 	384 	1400 	2.0 	2.1 	1.9 
	6月	June	*	3940 	2358 	1584 	3863 	2312 	1552 	1632 	1176 	458 	76 	46 	30 	1768 	387 	1380 	1.9 	2.0 	1.9 
	7月	July	*	3957 	2367 	1592 	3885 	2325 	1561 	1634 	1170 	464 	72 	42 	30 	1756 	384 	1372 	1.8 	1.8 	1.9 
	8月	Aug.	*	3963 	2361 	1602 	3893 	2319 	1573 	1641 	1182 	459 	70 	42 	28 	1752 	393 	1360 	1.8 	1.8 	1.7 
	9月	Sept.	*	3982 	2369 	1613 	3911 	2328 	1583 	1663 	1197 	467 	69 	41 	29 	1743 	390 	1354 	1.8 	1.7 	1.8 
	10月	Oct.	*	4015 	2383 	1633 	3945 	2340 	1605 	1681 	1214 	467 	69 	42 	27 	1717 	378 	1339 	1.7 	1.8 	1.7 
	11月	Nov.	*	4018 	2381 	1637 	3943 	2337 	1605 	1648 	1187 	461 	72 	43 	30 	1721 	384 	1337 	1.8 	1.8 	1.8 
	12月	Dec.	*	4017 	2383 	1633 	3949 	2343 	1619 	1683 	1205 	478 	65 	38 	26 	1730 	389 	1341 	1.6 	1.6 	1.6 
昭和29年	1月	Jan.	*	3959 	2364 	1592 	3891 	2324 	1562 	1674 	1207 	466 	70 	41 	29 	1774 	404 	1369 	1.8 	1.7 	1.8 
1954	2月	Feb.	*	3996 	2379 	1615 	3926 	2335 	1588 	1704 	1222 	481 	72 	45 	27 	1753 	395 	1357 	1.8 	1.9 	1.7 
	3月	Mar.	*	4021 	2387 	1633 	3949 	2342 	1605 	1708 	1222 	485 	76 	46 	29 	1746 	393 	1352 	1.9 	2.0 	1.8 
	4月	Apr.	*	4036 	2388 	1648 	3958 	2341 	1617 	1712 	1216 	496 	79 	48 	31 	1751 	401 	1350 	2.0 	2.0 	1.9 
	5月	May	*	4073 	2404 	1668 	3981 	2347 	1633 	1712 	1213 	498 	90 	57 	34 	1722 	389 	1334 	2.2 	2.4 	2.0 
	6月	June	*	4039 	2396 	1643 	3948 	2338 	1610 	1714 	1222 	492 	91 	58 	33 	1768 	401 	1368 	2.3 	2.4 	2.0 
	7月	July	*	4087 	2413 	1674 	3988 	2350 	1637 	1707 	1223 	484 	99 	63 	36 	1725 	388 	1337 	2.4 	2.6 	2.2 
	8月	Aug.	*	4088 	2422 	1666 	3982 	2357 	1624 	1711 	1228 	483 	107 	66 	41 	1733 	383 	1350 	2.6 	2.8 	2.5 
	9月	Sept.	*	4079 	2425 	1655 	3976 	2363 	1613 	1701 	1225 	476 	103 	63 	40 	1747 	382 	1365 	2.5 	2.6 	2.5 
	10月	Oct.	*	4105 	2419 	1686 	4001 	2357 	1643 	1709 	1218 	491 	108 	64 	44 	1732 	394 	1338 	2.6 	2.6 	2.6 
	11月	Nov.	*	4091 	2425 	1667 	3986 	2360 	1626 	1731 	1225 	506 	107 	66 	41 	1758 	393 	1364 	2.6 	2.7 	2.5 
	12月	Dec.	*	4079 	2411 	1668 	3973 	2344 	1588 	1716 	1220 	496 	109 	68 	41 	1772 	409 	1363 	2.7 	2.8 	2.5 
昭和30年	1月	Jan.	*	4050 	2395 	1654 	3946 	2331 	1613 	1700 	1203 	497 	104 	64 	40 	1798 	424 	1373 	2.6 	2.7 	2.4 
1955	2月	Feb.	*	4129 	2431 	1700 	4026 	2367 	1659 	1709 	1218 	490 	103 	63 	39 	1741 	399 	1342 	2.5 	2.6 	2.3 
	3月	Mar.	*	4137 	2441 	1696 	4039 	2380 	1657 	1729 	1221 	507 	97 	60 	37 	1745 	394 	1351 	2.3 	2.4 	2.2 
	4月	Apr.	*	4167 	2440 	1727 	4063 	2376 	1686 	1752 	1226 	526 	103 	63 	40 	1722 	399 	1322 	2.5 	2.6 	2.3 
	5月	May	*	4199 	2452 	1745 	4097 	2390 	1704 	1748 	1221 	527 	102 	62 	40 	1693 	390 	1304 	2.4 	2.5 	2.3 
	6月	June	*	4204 	2458 	1746 	4097 	2392 	1703 	1766 	1238 	528 	109 	67 	42 	1701 	391 	1309 	2.6 	2.8 	2.4 
	7月	July	*	4195 	2451 	1743 	4086 	2385 	1699 	1784 	1250 	534 	110 	67 	44 	1721 	400 	1321 	2.6 	2.7 	2.5 
	8月	Aug.	*	4209 	2462 	1747 	4101 	2394 	1706 	1799 	1259 	541 	107 	67 	40 	1720 	397 	1323 	2.6 	2.7 	2.3 
	9月	Sept.	*	4253 	2468 	1785 	4144 	2398 	1745 	1824 	1266 	558 	109 	70 	40 	1687 	397 	1290 	2.6 	2.8 	2.2 
	10月	Oct.	*	4250 	2480 	1768 	4136 	2409 	1724 	1837 	1282 	555 	114 	72 	42 	1694 	389 	1306 	2.7 	2.9 	2.4 
	11月	Nov.	*	4261 	2482 	1778 	4159 	2419 	1739 	1861 	1302 	559 	103 	64 	38 	1696 	392 	1305 	2.4 	2.6 	2.2 
	12月	Dec.	*	4268 	2492 	1775 	4164 	2429 	1747 	1847 	1286 	561 	104 	64 	40 	1711 	390 	1321 	2.4 	2.6 	2.3 
昭和31年	1月	Jan.	*	4265 	2501 	1764 	4157 	2435 	1723 	1861 	1290 	572 	107 	66 	40 	1735 	392 	1345 	2.5 	2.7 	2.3 
1956	2月	Feb.	*	4237 	2490 	1747 	4127 	2425 	1701 	1865 	1294 	572 	108 	64 	44 	1765 	404 	1361 	2.6 	2.6 	2.5 
	3月	Mar.	*	4245 	2490 	1756 	4126 	2421 	1704 	1860 	1298 	562 	113 	66 	46 	1765 	410 	1356 	2.7 	2.7 	2.6 
	4月	Apr.	*	4268 	2507 	1761 	4164 	2443 	1720 	1887 	1333 	553 	103 	63 	40 	1748 	394 	1354 	2.4 	2.5 	2.3 
	5月	May	*	4268 	2499 	1769 	4171 	2442 	1727 	1904 	1341 	563 	98 	57 	41 	1754 	407 	1346 	2.3 	2.3 	2.3 
	6月	June	*	4293 	2503 	1789 	4201 	2450 	1749 	1935 	1344 	590 	92 	53 	40 	1736 	409 	1327 	2.2 	2.1 	2.2 
	7月	July	*	4271 	2498 	1773 	4181 	2444 	1736 	1938 	1351 	587 	90 	54 	36 	1775 	422 	1352 	2.1 	2.2 	2.1 
	8月	Aug.	*	4271 	2503 	1768 	4184 	2454 	1729 	1939 	1349 	591 	88 	50 	38 	1790 	422 	1368 	2.1 	2.0 	2.2 
	9月	Sept.	*	4264 	2501 	1763 	4171 	2446 	1725 	1926 	1340 	586 	92 	55 	38 	1807 	428 	1379 	2.2 	2.2 	2.2 
	10月	Oct.	*	4265 	2508 	1758 	4180 	2457 	1722 	1935 	1343 	592 	86 	50 	36 	1820 	430 	1390 	2.0 	2.0 	2.0 
	11月	Nov.	*	4281 	2518 	1763 	4186 	2462 	1723 	1952 	1364 	588 	95 	55 	40 	1813 	423 	1391 	2.2 	2.2 	2.3 
	12月	Dec.	*	4314 	2540 	1774 	4214 	2480 	1741 	1976 	1386 	591 	100 	60 	40 	1791 	408 	1384 	2.3 	2.4 	2.3 
昭和32年	1月	Jan.	*	4383 	2563 	1821 	4293 	2510 	1784 	2008 	1408 	599 	90 	53 	36 	1748 	392 	1357 	2.1 	2.1 	2.0 
1957	2月	Feb.	*	4384 	2564 	1821 	4297 	2515 	1783 	2027 	1419 	608 	87 	50 	37 	1757 	397 	1360 	2.0 	2.0 	2.1 
	3月	Mar.	*	4358 	2552 	1806 	4274 	2505 	1768 	2058 	1440 	617 	86 	49 	37 	1784 	411 	1373 	2.0 	1.9 	2.1 
	4月	Apr.	*	4346 	2554 	1792 	4257 	2506 	1750 	2021 	1410 	611 	88 	48 	41 	1800 	412 	1388 	2.0 	1.9 	2.3 
	5月	May	*	4290 	2541 	1751 	4210 	2495 	1715 	2034 	1421 	613 	80 	44 	36 	1866 	430 	1435 	1.9 	1.7 	2.1 
	6月	June	*	4316 	2555 	1762 	4239 	2513 	1727 	2017 	1416 	601 	77 	42 	35 	1850 	419 	1431 	1.8 	1.6 	2.0 
	7月	July	*	4356 	2566 	1790 	4278 	2524 	1754 	2039 	1423 	616 	78 	42 	36 	1816 	410 	1405 	1.8 	1.7 	2.0 
	8月	Aug.	*	4384 	2572 	1812 	4304 	2526 	1778 	2061 	1431 	630 	80 	46 	34 	1797 	411 	1385 	1.8 	1.8 	1.9 
	9月	Sept.	*	4372 	2579 	1795 	4289 	2531 	1758 	2079 	1450 	630 	86 	49 	37 	1820 	412 	1408 	2.0 	1.9 	2.1 
	10月	Oct.	*	4381 	2585 	1797 	4293 	2534 	1758 	2081 	1449 	632 	89 	50 	39 	1814 	406 	1409 	2.0 	1.9 	2.2 
	11月	Nov.	*	4408 	2580 	1827 	4324 	2531 	1793 	2091 	1446 	644 	82 	49 	33 	1802 	419 	1383 	1.9 	1.9 	1.8 
	12月	Dec.	*	4403 	2580 	1823 	4322 	2531 	1795 	2110 	1460 	651 	79 	48 	31 	1821 	425 	1397 	1.8 	1.9 	1.7 
昭和33年	1月	Jan.	*	4393 	2570 	1824 	4312 	2522 	1791 	2117 	1460 	658 	81 	48 	33 	1844 	439 	1405 	1.9 	1.9 	1.8 
1958	2月	Feb.	*	4379 	2569 	1813 	4298 	2516 	1782 	2108 	1451 	658 	83 	53 	31 	1862 	444 	1418 	1.9 	2.1 	1.7 
	3月	Mar.	*	4385 	2571 	1815 	4297 	2517 	1780 	2105 	1451 	654 	89 	54 	35 	1866 	447 	1418 	2.0 	2.1 	1.9 
	4月	Apr.	*	4347 	2561 	1785 	4260 	2507 	1753 	2141 	1472 	669 	86 	54 	32 	1919 	465 	1455 	2.0 	2.1 	1.8 
	5月	May	*	4393 	2581 	1810 	4302 	2526 	1776 	2149 	1477 	672 	89 	55 	33 	1881 	448 	1433 	2.0 	2.2 	1.9 
	6月	June	*	4407 	2591 	1815 	4311 	2532 	1779 	2140 	1472 	667 	96 	59 	36 	1873 	443 	1430 	2.2 	2.3 	2.0 
	7月	July	*	4373 	2590 	1783 	4281 	2531 	1750 	2129 	1464 	665 	92 	60 	32 	1920 	449 	1472 	2.1 	2.3 	1.8 
	8月	Aug.	*	4381 	2593 	1787 	4287 	2533 	1754 	2121 	1460 	661 	94 	61 	33 	1923 	452 	1472 	2.2 	2.4 	1.9 
	9月	Sept.	*	4384 	2601 	1782 	4290 	2542 	1748 	2161 	1488 	673 	94 	60 	34 	1931 	448 	1484 	2.2 	2.3 	1.9 
	10月	Oct.	*	4393 	2592 	1800 	4300 	2533 	1767 	2160 	1489 	672 	94 	60 	34 	1934 	464 	1470 	2.1 	2.3 	1.9 
	11月	Nov.	*	4400 	2600 	1799 	4309 	2544 	1765 	2168 	1493 	674 	92 	57 	35 	1938 	461 	1478 	2.1 	2.2 	2.0 
	12月	Dec.	*	4428 	2611 	1817 	4336 	2560 	1776 	2206 	1515 	691 	92 	50 	42 	1920 	455 	1465 	2.1 	1.9 	2.3 
昭和34年	1月	Jan.	*	4421 	2616 	1804 	4313 	2551 	1761 	2219 	1528 	691 	105 	63 	42 	1932 	455 	1477 	2.4 	2.4 	2.4 
1959	2月	Feb.	*	4396 	2613 	1784 	4286 	2544 	1742 	2202 	1519 	683 	107 	66 	41 	1967 	463 	1503 	2.5 	2.5 	2.3 
	3月	Mar.	*	4420 	2611 	1810 	4307 	2539 	1769 	2203 	1517 	687 	104 	67 	38 	1962 	473 	1490 	2.4 	2.6 	2.1 
	4月	Apr.	*	4437 	2619 	1818 	4340 	2555 	1785 	2236 	1540 	697 	96 	63 	33 	1955 	471 	1485 	2.2 	2.4 	1.8 
	5月	May	*	4457 	2634 	1822 	4359 	2572 	1786 	2234 	1545 	689 	99 	63 	36 	1951 	462 	1490 	2.2 	2.4 	2.0 
	6月	June	*	4452 	2634 	1818 	4350 	2568 	1782 	2255 	1558 	697 	103 	66 	36 	1966 	465 	1500 	2.3 	2.5 	2.0 
	7月	July	*	4440 	2637 	1803 	4340 	2575 	1766 	2258 	1568 	690 	100 	63 	37 	1988 	469 	1519 	2.3 	2.4 	2.1 
	8月	Aug.	*	4441 	2633 	1808 	4341 	2570 	1771 	2287 	1578 	709 	101 	63 	38 	1992 	476 	1516 	2.3 	2.4 	2.1 
	9月	Sept.	*	4425 	2623 	1802 	4339 	2573 	1766 	2262 	1570 	692 	86 	50 	36 	2017 	490 	1527 	2.0 	1.9 	2.0 
	10月	Oct.	*	4460 	2631 	1829 	4376 	2580 	1795 	2292 	1592 	701 	86 	52 	34 	1995 	489 	1506 	1.9 	2.0 	1.9 
	11月	Nov.	*	4451 	2637 	1815 	4363 	2583 	1780 	2282 	1590 	692 	90 	55 	35 	2007 	483 	1524 	2.0 	2.1 	1.9 
	12月	Dec.	*	4399 	2617 	1782 	4311 	2561 	1749 	2261 	1581 	680 	88 	56 	32 	2058 	502 	1556 	2.0 	2.1 	1.8 
昭和35年	1月	Jan.	*	4433 	2648 	1783 	4351 	2598 	1751 	2268 	1588 	679 	82 	49 	33 	2033 	478 	1554 	1.9 	1.9 	1.8 
1960	2月	Feb.	*	4497 	2661 	1832 	4420 	2617 	1803 	2321 	1614 	707 	74 	44 	30 	1989 	470 	1517 	1.7 	1.7 	1.6 
	3月	Mar.	*	4476 	2665 	1811 	4401 	2621 	1779 	2334 	1623 	711 	76 	45 	31 	2011 	471 	1541 	1.7 	1.7 	1.7 
	4月	Apr.	*	4496 	2675 	1821 	4420 	2634 	1787 	2328 	1620 	708 	74 	41 	33 	2001 	463 	1538 	1.7 	1.6 	1.9 
	5月	May	*	4501 	2671 	1830 	4425 	2626 	1799 	2359 	1621 	738 	76 	45 	31 	2002 	469 	1532 	1.7 	1.7 	1.7 
	6月	June	*	4500 	2669 	1832 	4428 	2627 	1801 	2390 	1635 	754 	72 	42 	30 	2007 	473 	1532 	1.6 	1.6 	1.7 
	7月	July	*	4527 	2673 	1853 	4457 	2633 	1823 	2413 	1648 	765 	70 	40 	30 	1983 	473 	1511 	1.5 	1.5 	1.6 
	8月	Aug.	*	4525 	2669 	1856 	4455 	2632 	1822 	2400 	1649 	751 	71 	37 	34 	1988 	478 	1510 	1.6 	1.4 	1.8 
	9月	Sept.	*	4562 	2676 	1885 	4490 	2635 	1854 	2414 	1645 	769 	72 	40 	31 	1954 	474 	1480 	1.6 	1.5 	1.7 
	10月	Oct.	*	4533 	2686 	1847 	4467 	2647 	1820 	2379 	1634 	745 	65 	38 	27 	1987 	465 	1523 	1.4 	1.4 	1.5 
	11月	Nov.	*	4523 	2685 	1838 	4456 	2647 	1809 	2404 	1649 	755 	67 	38 	29 	2009 	473 	1537 	1.5 	1.4 	1.6 
	12月	Dec.	*	4551 	2691 	1860 	4483 	2650 	1833 	2424 	1656 	768 	67 	40 	27 	1998 	474 	1524 	1.5 	1.5 	1.5 
昭和36年	1月	Jan.	*	4579 	2694 	1886 	4513 	2656 	1860 	2444 	1668 	777 	66 	39 	28 	1982 	471 	1509 	1.5 	1.4 	1.5 
1961	2月	Feb.	*	4555 	2692 	1865 	4487 	2654 	1833 	2446 	1668 	778 	69 	38 	31 	2003 	473 	1527 	1.5 	1.4 	1.7 
	3月	Mar.	*	4553 	2703 	1850 	4499 	2673 	1825 	2456 	1679 	777 	60 	33 	27 	2005 	466 	1540 	1.3 	1.2 	1.5 
	4月	Apr.	*	4558 	2705 	1852 	4492 	2665 	1827 	2433 	1663 	770 	65 	40 	26 	2007 	466 	1541 	1.4 	1.5 	1.4 
	5月	May	*	4538 	2695 	1844 	4471 	2656 	1816 	2434 	1675 	759 	67 	39 	28 	2029 	478 	1551 	1.5 	1.4 	1.5 
	6月	June	*	4514 	2689 	1825 	4448 	2651 	1797 	2424 	1671 	753 	66 	38 	28 	2071 	488 	1578 	1.5 	1.4 	1.5 
	7月	July	*	4559 	2708 	1851 	4492 	2672 	1820 	2465 	1695 	769 	67 	36 	31 	2035 	482 	1555 	1.5 	1.3 	1.7 
	8月	Aug.	*	4542 	2714 	1828 	4479 	2676 	1802 	2477 	1712 	765 	64 	38 	26 	2065 	478 	1586 	1.4 	1.4 	1.4 
	9月	Sept.	*	4575 	2721 	1854 	4513 	2685 	1828 	2507 	1720 	787 	62 	36 	26 	2044 	479 	1566 	1.4 	1.3 	1.4 
	10月	Oct.	*	4573 	2718 	1856 	4507 	2681 	1826 	2538 	1724 	814 	66 	36 	30 	2057 	490 	1569 	1.4 	1.3 	1.6 
	11月	Nov.	*	4606 	2726 	1879 	4539 	2693 	1846 	2542 	1725 	818 	67 	33 	34 	2040 	489 	1553 	1.5 	1.2 	1.8 
	12月	Dec.	*	4605 	2734 	1872 	4544 	2703 	1841 	2546 	1727 	820 	62 	30 	32 	2057 	488 	1570 	1.4 	1.1 	1.7 
昭和37年	1月	Jan.	*	4614 	2742 	1872 	4556 	2713 	1843 	2564 	1746 	818 	60 	31 	30 	2070 	485 	1582 	1.3 	1.1 	1.6 
1962	2月	Feb.	*	4606 	2746 	1861 	4551 	2716 	1836 	2573 	1758 	815 	58 	32 	26 	2087 	488 	1597 	1.3 	1.2 	1.4 
	3月	Mar.	*	4581 	2738 	1844 	4524 	2706 	1818 	2569 	1755 	814 	60 	33 	26 	2120 	505 	1616 	1.3 	1.2 	1.5 
	4月	Apr.	*	4600 	2744 	1857 	4538 	2712 	1826 	2586 	1760 	826 	62 	32 	30 	2110 	501 	1609 	1.4 	1.2 	1.6 
	5月	May	*	4605 	2749 	1856 	4550 	2720 	1831 	2584 	1757 	827 	54 	28 	25 	2122 	502 	1618 	1.2 	1.0 	1.4 
	6月	June	*	4621 	2754 	1867 	4561 	2720 	1841 	2577 	1756 	821 	60 	34 	26 	2120 	502 	1614 	1.3 	1.3 	1.4 
	7月	July	*	4602 	2746 	1856 	4541 	2711 	1830 	2574 	1752 	822 	61 	35 	26 	2156 	524 	1634 	1.3 	1.3 	1.4 
	8月	Aug.	*	4638 	2760 	1878 	4583 	2731 	1852 	2606 	1771 	835 	55 	29 	26 	2134 	518 	1618 	1.2 	1.0 	1.4 
	9月	Sept.	*	4627 	2763 	1863 	4569 	2731 	1837 	2587 	1764 	823 	57 	31 	26 	2161 	520 	1641 	1.2 	1.1 	1.4 
	10月	Oct.	*	4618 	2756 	1863 	4556 	2721 	1835 	2607 	1772 	835 	62 	35 	27 	2185 	535 	1651 	1.4 	1.3 	1.5 
	11月	Nov.	*	4620 	2763 	1858 	4562 	2727 	1835 	2635 	1787 	848 	58 	36 	22 	2198 	537 	1663 	1.3 	1.3 	1.2 
	12月	Dec.	*	4645 	2774 	1871 	4584 	2739 	1846 	2627 	1788 	839 	60 	35 	25 	2188 	533 	1657 	1.3 	1.3 	1.4 
昭和38年	1月	Jan.	*	4533 	2731 	1801 	4471 	2694 	1775 	2603 	1772 	832 	61 	36 	25 	2297 	571 	1722 	1.4 	1.3 	1.4 
1963	2月	Feb.	*	4622 	2765 	1857 	4559 	2728 	1831 	2617 	1778 	840 	63 	36 	27 	2240 	552 	1685 	1.4 	1.3 	1.4 
	3月	Mar.	*	4663 	2780 	1882 	4594 	2743 	1851 	2635 	1792 	843 	66 	36 	29 	2221 	552 	1670 	1.4 	1.3 	1.6 
	4月	Apr.	*	4645 	2781 	1864 	4588 	2749 	1839 	2648 	1803 	845 	57 	32 	25 	2256 	560 	1697 	1.2 	1.2 	1.4 
	5月	May	*	4647 	2786 	1862 	4586 	2751 	1836 	2657 	1810 	847 	62 	35 	26 	2271 	561 	1709 	1.3 	1.3 	1.4 
	6月	June	*	4646 	2792 	1853 	4593 	2764 	1830 	2677 	1825 	852 	51 	28 	23 	2286 	556 	1725 	1.1 	1.0 	1.3 
	7月	July	*	4657 	2798 	1859 	4603 	2767 	1836 	2686 	1834 	852 	53 	30 	22 	2288 	565 	1726 	1.1 	1.1 	1.2 
	8月	Aug.	*	4672 	2800 	1872 	4615 	2766 	1850 	2686 	1829 	858 	56 	34 	22 	2284 	569 	1717 	1.2 	1.2 	1.2 
	9月	Sept.	*	4682 	2808 	1874 	4622 	2773 	1849 	2704 	1837 	867 	60 	35 	26 	2291 	568 	1724 	1.3 	1.2 	1.4 
	10月	Oct.	*	4685 	2813 	1872 	4630 	2783 	1847 	2712 	1848 	864 	54 	30 	24 	2301 	570 	1733 	1.2 	1.1 	1.3 
	11月	Nov.	*	4687 	2813 	1875 	4630 	2780 	1850 	2702 	1842 	861 	57 	33 	25 	2315 	581 	1738 	1.2 	1.2 	1.3 
	12月	Dec.	*	4693 	2817 	1876 	4635 	2782 	1853 	2721 	1854 	867 	59 	35 	24 	2321 	581 	1742 	1.3 	1.3 	1.3 
昭和39年	1月	Jan.	*	4726 	2832 	1894 	4671 	2800 	1871 	2721 	1854 	866 	56 	33 	24 	2305 	568 	1734 	1.2 	1.2 	1.3 
1964	2月	Feb.	*	4673 	2801 	1872 	4615 	2769 	1845 	2715 	1846 	869 	59 	33 	26 	2367 	602 	1762 	1.3 	1.2 	1.4 
	3月	Mar.	*	4696 	2812 	1884 	4643 	2779 	1864 	2731 	1861 	870 	55 	33 	22 	2370 	609 	1762 	1.2 	1.2 	1.2 
	4月	Apr.	*	4710 	2821 	1889 	4655 	2790 	1865 	2743 	1875 	869 	55 	31 	23 	2374 	608 	1767 	1.2 	1.1 	1.3 
	5月	May	*	4715 	2822 	1892 	4661 	2793 	1868 	2751 	1874 	877 	53 	29 	24 	2386 	614 	1771 	1.1 	1.0 	1.3 
	6月	June	*	4696 	2824 	1872 	4642 	2794 	1848 	2776 	1898 	878 	54 	30 	23 	2419 	616 	1800 	1.2 	1.1 	1.3 
	7月	July	*	4704 	2831 	1875 	4649 	2800 	1850 	2788 	1904 	884 	56 	31 	25 	2424 	622 	1804 	1.2 	1.1 	1.4 
	8月	Aug.	*	4706 	2829 	1877 	4649 	2797 	1852 	2790 	1894 	897 	57 	32 	25 	2437 	630 	1809 	1.2 	1.1 	1.3 
	9月	Sept.	*	4709 	2840 	1870 	4657 	2809 	1848 	2797 	1907 	890 	52 	30 	22 	2446 	624 	1823 	1.1 	1.1 	1.2 
	10月	Oct.	*	4741 	2859 	1883 	4687 	2828 	1859 	2783 	1906 	877 	53 	30 	23 	2432 	615 	1819 	1.1 	1.1 	1.2 
	11月	Nov.	*	4731 	2854 	1878 	4678 	2824 	1854 	2776 	1905 	871 	53 	29 	24 	2455 	628 	1830 	1.1 	1.0 	1.3 
	12月	Dec.	*	4723 	2855 	1867 	4669 	2826 	1842 	2776 	1913 	863 	54 	29 	25 	2472 	632 	1842 	1.1 	1.0 	1.4 
昭和40年	1月	Jan.	*	4764 	2864 	1900 	4713 	2838 	1875 	2807 	1929 	876 	53 	28 	25 	2444 	623 	1817 	1.1 	1.0 	1.3 
1965	2月	Feb.	*	4766 	2865 	1900 	4712 	2835 	1876 	2824 	1939 	883 	55 	30 	25 	2458 	629 	1824 	1.2 	1.1 	1.4 
	3月	Mar.	*	4750 	2865 	1884 	4706 	2839 	1867 	2840 	1940 	899 	49 	29 	21 	2489 	640 	1849 	1.1 	1.0 	1.1 
	4月	Apr.	*	4761 	2869 	1893 	4703 	2836 	1867 	2861 	1950 	911 	59 	32 	26 	2491 	643 	1847 	1.2 	1.1 	1.4 
	5月	May	*	4752 	2871 	1882 	4694 	2838 	1856 	2868 	1959 	910 	57 	32 	25 	2518 	649 	1869 	1.2 	1.1 	1.3 
	6月	June	*	4779 	2882 	1898 	4716 	2847 	1870 	2879 	1963 	916 	63 	35 	28 	2502 	643 	1858 	1.3 	1.2 	1.5 
	7月	July	*	4778 	2878 	1901 	4717 	2842 	1875 	2872 	1954 	919 	62 	36 	25 	2517 	657 	1861 	1.3 	1.3 	1.4 
	8月	Aug.	*	4805 	2896 	1909 	4745 	2862 	1883 	2884 	1968 	916 	59 	33 	26 	2500 	643 	1858 	1.2 	1.2 	1.4 
	9月	Sept.	*	4828 	2902 	1926 	4766 	2867 	1899 	2912 	1982 	930 	62 	35 	26 	2489 	643 	1847 	1.3 	1.2 	1.4 
	10月	Oct.	*	4823 	2897 	1926 	4762 	2861 	1901 	2910 	1982 	928 	62 	37 	25 	2506 	655 	1852 	1.3 	1.3 	1.3 
	11月	Nov.	*	4820 	2906 	1913 	4759 	2871 	1888 	2916 	1989 	927 	61 	35 	26 	2518 	649 	1870 	1.3 	1.2 	1.4 
	12月	Dec.	*	4833 	2912 	1920 	4769 	2877 	1892 	2945 	2001 	944 	64 	36 	28 	2516 	650 	1868 	1.3 	1.2 	1.6 
昭和41年	1月	Jan.	*	4866 	2922 	1944 	4796 	2883 	1914 	2962 	2004 	959 	67 	38 	30 	2499 	644 	1853 	1.4 	1.3 	1.6 
1966	2月	Feb.	*	4888 	2937 	1950 	4825 	2904 	1921 	2977 	2015 	962 	62 	34 	29 	2492 	635 	1854 	1.3 	1.1 	1.6 
	3月	Mar.	*	4870 	2933 	1937 	4801 	2898 	1903 	2976 	2008 	967 	66 	36 	30 	2516 	645 	1870 	1.4 	1.2 	1.5 
	4月	Apr.	*	4875 	2935 	1942 	4815 	2899 	1915 	2964 	2005 	960 	61 	35 	26 	2528 	652 	1875 	1.3 	1.2 	1.3 
	5月	May	*	4879 	2947 	1933 	4812 	2908 	1905 	2977 	2027 	950 	69 	40 	29 	2536 	645 	1890 	1.4 	1.3 	1.5 
	6月	June	*	4889 	2945 	1944 	4827 	2911 	1917 	3007 	2037 	971 	62 	34 	28 	2538 	655 	1884 	1.3 	1.1 	1.4 
	7月	July	*	4903 	2942 	1960 	4844 	2910 	1935 	3003 	2029 	974 	58 	33 	26 	2535 	663 	1873 	1.2 	1.1 	1.3 
	8月	Aug.	*	4897 	2942 	1955 	4834 	2906 	1928 	3000 	2034 	966 	63 	36 	27 	2550 	669 	1883 	1.3 	1.3 	1.4 
	9月	Sept.	*	4894 	2944 	1950 	4828 	2905 	1922 	2996 	2031 	964 	67 	39 	29 	2563 	671 	1893 	1.4 	1.3 	1.5 
	10月	Oct.	*	4928 	2961 	1968 	4864 	2924 	1940 	3024 	2038 	986 	65 	37 	28 	2537 	658 	1880 	1.3 	1.2 	1.4 
	11月	Nov.	*	4903 	2950 	1954 	4840 	2914 	1926 	3017 	2035 	982 	64 	36 	28 	2571 	673 	1899 	1.3 	1.2 	1.5 
	12月	Dec.	*	4915 	2952 	1963 	4854 	2916 	1939 	3034 	2042 	992 	61 	36 	24 	2568 	674 	1894 	1.2 	1.2 	1.3 
昭和42年	1月	Jan.	*	4908 	2946 	1962 	4848 	2910 	1939 	3034 	2046 	988 	61 	36 	25 	2584 	683 	1900 	1.2 	1.2 	1.3 
1967	2月	Feb.	*	4928 	2969 	1958 	4871 	2933 	1937 	3041 	2058 	983 	56 	36 	20 	2574 	667 	1906 	1.1 	1.2 	1.0 
	3月	Mar.	*	4977 	2976 	2002 	4891 	2934 	1957 	3048 	2053 	996 	78 	39 	37 	2539 	667 	1872 	1.6 	1.3 	1.9 
	4月	Apr.	*	4957 	2974 	1981 	4893 	2941 	1952 	3042 	2045 	996 	62 	34 	28 	2572 	677 	1896 	1.3 	1.1 	1.4 
	5月	May	*	4993 	2991 	2001 	4933 	2958 	1975 	3074 	2062 	1011 	59 	33 	26 	2544 	665 	1879 	1.2 	1.1 	1.3 
	6月	June	*	5027 	2994 	2032 	4963 	2959 	2003 	3073 	2058 	1014 	64 	34 	29 	2517 	667 	1850 	1.3 	1.2 	1.4 
	7月	July	*	5020 	3014 	2006 	4959 	2980 	1978 	3088 	2084 	1004 	60 	32 	28 	2534 	650 	1884 	1.2 	1.1 	1.4 
	8月	Aug.	*	4987 	3012 	1976 	4928 	2980 	1948 	3076 	2079 	997 	60 	31 	28 	2581 	658 	1923 	1.2 	1.0 	1.4 
	9月	Sept.	*	4978 	3002 	1976 	4922 	2973 	1950 	3061 	2065 	997 	56 	29 	27 	2598 	673 	1925 	1.1 	1.0 	1.4 
	10月	Oct.	*	4967 	2990 	1976 	4906 	2956 	1951 	3084 	2073 	1011 	60 	34 	25 	2622 	689 	1933 	1.2 	1.2 	1.3 
	11月	Nov.	*	5029 	3019 	2010 	4964 	2980 	1984 	3132 	2102 	1030 	67 	40 	27 	2569 	666 	1903 	1.3 	1.3 	1.4 
	12月	Dec.	*	5028 	3023 	2006 	4965 	2985 	1981 	3116 	2090 	1026 	64 	38 	26 	2587 	668 	1919 	1.3 	1.3 	1.3 
昭和43年	1月	Jan.	*	5039 	3037 	2002 	4975 	2997 	1979 	3119 	2090 	1029 	64 	40 	24 	2580 	658 	1923 	1.3 	1.3 	1.2 
1968	2月	Feb.	*	5010 	3029 	1981 	4944 	2991 	1953 	3105 	2090 	1016 	65 	38 	28 	2617 	670 	1947 	1.3 	1.3 	1.4 
	3月	Mar.	*	5021 	3039 	1982 	4965 	3003 	1962 	3107 	2100 	1007 	58 	36 	22 	2616 	664 	1952 	1.2 	1.2 	1.1 
	4月	Apr.	*	5053 	3046 	2007 	4991 	3007 	1984 	3164 	2125 	1038 	61 	38 	23 	2594 	663 	1932 	1.2 	1.3 	1.2 
	5月	May	*	5057 	3041 	2015 	4997 	3007 	1990 	3157 	2113 	1044 	58 	34 	24 	2597 	671 	1927 	1.2 	1.1 	1.2 
	6月	June	*	5054 	3058 	1997 	4997 	3022 	1976 	3143 	2109 	1034 	56 	36 	21 	2611 	659 	1953 	1.1 	1.2 	1.1 
	7月	July	*	5056 	3059 	1998 	4993 	3021 	1972 	3151 	2112 	1039 	63 	39 	24 	2620 	663 	1957 	1.3 	1.3 	1.2 
	8月	Aug.	*	5093 	3067 	2025 	5031 	3028 	2002 	3165 	2116 	1050 	62 	38 	23 	2589 	659 	1930 	1.2 	1.3 	1.1 
	9月	Sept.	*	5080 	3074 	2005 	5021 	3035 	1986 	3166 	2130 	1037 	58 	39 	19 	2610 	655 	1956 	1.1 	1.3 	1.0 
	10月	Oct.	*	5090 	3091 	2000 	5035 	3056 	1980 	3183 	2148 	1034 	55 	34 	20 	2609 	645 	1966 	1.1 	1.1 	1.0 
	11月	Nov.	*	5106 	3088 	2018 	5052 	3054 	1999 	3165 	2134 	1031 	53 	34 	19 	2605 	652 	1953 	1.0 	1.1 	0.9 
	12月	Dec.	*	5082 	3074 	2008 	5027 	3040 	1987 	3157 	2134 	1023 	55 	34 	21 	2635 	670 	1966 	1.1 	1.1 	1.0 
昭和44年	1月	Jan.	*	5072 	3077 	1996 	5017 	3044 	1973 	3162 	2143 	1020 	57 	34 	23 	2654 	671 	1983 	1.1 	1.1 	1.1 
1969	2月	Feb.	*	5075 	3071 	2004 	5017 	3034 	1983 	3168 	2138 	1029 	59 	37 	22 	2659 	680 	1981 	1.2 	1.2 	1.1 
	3月	Mar.	*	5070 	3071 	2000 	5018 	3035 	1984 	3165 	2134 	1031 	55 	36 	19 	2675 	686 	1990 	1.1 	1.2 	1.0 
	4月	Apr.	*	5091 	3081 	2010 	5034 	3046 	1988 	3185 	2147 	1038 	57 	36 	22 	2661 	678 	1984 	1.1 	1.2 	1.1 
	5月	May	*	5100 	3089 	2011 	5038 	3050 	1988 	3211 	2156 	1055 	62 	41 	23 	2660 	673 	1986 	1.2 	1.3 	1.1 
	6月	June	*	5091 	3093 	1999 	5027 	3051 	1975 	3191 	2143 	1048 	65 	42 	24 	2677 	673 	2004 	1.3 	1.4 	1.2 
	7月	July	*	5087 	3089 	1998 	5025 	3050 	1976 	3194 	2140 	1055 	61 	39 	22 	2688 	682 	2006 	1.2 	1.3 	1.1 
	8月	Aug.	*	5111 	3095 	2015 	5054 	3060 	1994 	3222 	2157 	1066 	56 	36 	20 	2673 	679 	1994 	1.1 	1.2 	1.0 
	9月	Sept.	*	5142 	3107 	2035 	5085 	3073 	2012 	3225 	2157 	1068 	57 	34 	23 	2650 	673 	1976 	1.1 	1.1 	1.1 
	10月	Oct.	*	5121 	3105 	2015 	5066 	3073 	1993 	3212 	2161 	1051 	55 	32 	23 	2678 	679 	1999 	1.1 	1.0 	1.1 
	11月	Nov.	*	5104 	3099 	2005 	5051 	3067 	1984 	3219 	2162 	1057 	53 	32 	21 	2703 	687 	2015 	1.0 	1.0 	1.0 
	12月	Dec.	*	5121 	3116 	2004 	5065 	3083 	1982 	3234 	2170 	1063 	55 	33 	22 	2700 	679 	2021 	1.1 	1.1 	1.1 
昭和45年	1月	Jan.	*	5123 	3119 	2003 	5067 	3087 	1981 	3249 	2184 	1065 	56 	33 	22 	2707 	680 	2028 	1.1 	1.1 	1.1 
1970	2月	Feb.	*	5133 	3108 	2025 	5077 	3073 	2006 	3271 	2183 	1089 	56 	36 	20 	2708 	693 	2015 	1.1 	1.2 	1.0 
	3月	Mar.	*	5138 	3125 	2012 	5090 	3092 	1998 	3295 	2203 	1093 	51 	35 	17 	2714 	684 	2030 	1.0 	1.1 	0.9 
	4月	Apr.	*	5156 	3127 	2030 	5097 	3089 	2009 	3271 	2190 	1082 	60 	38 	21 	2703 	685 	2018 	1.2 	1.2 	1.0 
	5月	May	*	5145 	3115 	2030 	5089 	3079 	2009 	3270 	2189 	1081 	56 	36 	21 	2724 	703 	2022 	1.1 	1.1 	1.0 
	6月	June	*	5154 	3119 	2033 	5098 	3085 	2013 	3277 	2194 	1083 	55 	35 	20 	2724 	702 	2022 	1.1 	1.1 	1.0 
	7月	July	*	5171 	3131 	2039 	5110 	3092 	2018 	3279 	2194 	1084 	60 	39 	21 	2702 	688 	2015 	1.2 	1.2 	1.0 
	8月	Aug.	*	5158 	3134 	2024 	5096 	3095 	2002 	3306 	2212 	1095 	61 	40 	22 	2727 	690 	2037 	1.2 	1.3 	1.1 
	9月	Sept.	*	5187 	3142 	2045 	5121 	3100 	2020 	3339 	2226 	1113 	66 	42 	24 	2710 	689 	2019 	1.3 	1.3 	1.2 
	10月	Oct.	*	5167 	3142 	2024 	5098 	3097 	2001 	3325 	2217 	1108 	69 	46 	23 	2737 	694 	2042 	1.3 	1.5 	1.1 
	11月	Nov.	*	5148 	3146 	2001 	5083 	3106 	1976 	3383 	2261 	1122 	65 	40 	25 	2765 	694 	2071 	1.3 	1.3 	1.3 
	12月	Dec.	*	5173 	3151 	2022 	5111 	3112 	1999 	3408 	2271 	1138 	61 	39 	22 	2741 	686 	2054 	1.2 	1.2 	1.1 
昭和46年	1月	Jan.	*	5172 	3162 	2009 	5115 	3124 	1991 	3398 	2269 	1129 	58 	40 	19 	2746 	679 	2067 	1.1 	1.3 	1.0 
1971	2月	Feb.	*	5172 	3172 	2000 	5113 	3134 	1976 	3394 	2281 	1114 	61 	38 	23 	2755 	674 	2081 	1.2 	1.2 	1.2 
	3月	Mar.	*	5218 	3177 	2041 	5156 	3139 	2016 	3421 	2290 	1131 	63 	38 	24 	2724 	673 	2051 	1.2 	1.2 	1.2 
	4月	Apr.	*	5194 	3178 	2017 	5130 	3138 	1993 	3403 	2280 	1123 	63 	40 	24 	2758 	678 	2080 	1.2 	1.3 	1.2 
	5月	May	*	5188 	3188 	2001 	5125 	3148 	1979 	3367 	2272 	1094 	63 	41 	23 	2772 	671 	2101 	1.2 	1.3 	1.1 
	6月	June	*	5191 	3182 	2010 	5128 	3140 	1988 	3387 	2285 	1101 	63 	41 	22 	2781 	684 	2096 	1.2 	1.3 	1.1 
	7月	July	*	5188 	3175 	2012 	5124 	3135 	1989 	3401 	2292 	1108 	64 	41 	23 	2783 	690 	2092 	1.2 	1.3 	1.2 
	8月	Aug.	*	5191 	3179 	2012 	5124 	3136 	1988 	3412 	2293 	1118 	67 	42 	24 	2786 	691 	2095 	1.3 	1.3 	1.2 
	9月	Sept.	*	5163 	3177 	1984 	5101 	3139 	1963 	3442 	2317 	1124 	60 	38 	22 	2824 	696 	2129 	1.2 	1.2 	1.1 
	10月	Oct.	*	5164 	3181 	1984 	5096 	3138 	1959 	3447 	2326 	1121 	66 	41 	26 	2830 	700 	2130 	1.3 	1.3 	1.3 
	11月	Nov.	*	5202 	3201 	2001 	5133 	3156 	1977 	3428 	2313 	1115 	70 	45 	24 	2798 	684 	2115 	1.3 	1.4 	1.2 
	12月	Dec.	*	5195 	3210 	1985 	5124 	3161 	1962 	3440 	2326 	1113 	72 	49 	23 	2812 	679 	2134 	1.4 	1.5 	1.2 
昭和47年	1月	Jan.	*	5205 	3204 	1999 	5128 	3152 	1974 	3469 	2336 	1133 	75 	50 	25 	2812 	688 	2124 	1.4 	1.6 	1.2 
1972	2月	Feb.	*	5189 	3213 	1974 	5115 	3164 	1951 	3465 	2340 	1125 	71 	48 	23 	2830 	684 	2147 	1.4 	1.5 	1.2 
	3月	Mar.	*	5172 	3206 	1967 	5097 	3157 	1940 	3425 	2325 	1100 	74 	48 	26 	2853 	692 	2160 	1.4 	1.5 	1.3 
	4月	Apr.	*	5175 	3213 	1963 	5103 	3166 	1936 	3435 	2340 	1094 	72 	46 	27 	2860 	689 	2170 	1.4 	1.4 	1.4 
	5月	May	*	5187 	3211 	1977 	5116 	3164 	1951 	3437 	2331 	1105 	72 	46 	26 	2860 	697 	2163 	1.4 	1.4 	1.3 
	6月	June	*	5173 	3223 	1951 	5103 	3178 	1926 	3462 	2364 	1098 	70 	45 	25 	2883 	689 	2193 	1.4 	1.4 	1.3 
※注_Notes	7月	July		5226 	3246 	1981 	5153 	3198 	1955 	3512 	2391 	1121 	73 	47 	26 	2889 	694 	2195 	1.4 	1.5 	1.3 
	8月	Aug.		5245 	3247 	1999 	5171 	3196 	1974 	3483 	2362 	1120 	73 	50 	24 	2879 	699 	2180 	1.4 	1.5 	1.2 
	9月	Sept.		5242 	3252 	1991 	5162 	3197 	1964 	3469 	2352 	1118 	81 	54 	26 	2890 	698 	2193 	1.5 	1.7 	1.3 
	10月	Oct.		5253 	3243 	2010 	5181 	3195 	1985 	3512 	2365 	1147 	72 	48 	24 	2894 	703 	2190 	1.4 	1.5 	1.2 
	11月	Nov.		5250 	3232 	2018 	5177 	3184 	1992 	3504 	2355 	1148 	73 	47 	25 	2905 	718 	2186 	1.4 	1.5 	1.3 
	12月	Dec.		5300 	3243 	2057 	5227 	3197 	2030 	3529 	2357 	1172 	73 	46 	26 	2866 	713 	2153 	1.4 	1.4 	1.3 
昭和48年	1月	Jan.		5337 	3260 	2080 	5268 	3216 	2053 	3564 	2372 	1192 	71 	44 	27 	2843 	703 	2141 	1.3 	1.4 	1.3 
1973	2月	Feb.		5347 	3268 	2080 	5282 	3226 	2057 	3569 	2386 	1182 	66 	43 	24 	2844 	698 	2145 	1.2 	1.3 	1.2 
	3月	Mar.		5308 	3258 	2051 	5244 	3214 	2031 	3574 	2393 	1181 	65 	43 	22 	2890 	715 	2175 	1.2 	1.3 	1.1 
	4月	Apr.		5294 	3266 	2028 	5224 	3220 	2004 	3586 	2413 	1173 	70 	46 	24 	2909 	709 	2201 	1.3 	1.4 	1.2 
	5月	May		5281 	3275 	2006 	5208 	3228 	1980 	3618 	2447 	1171 	72 	47 	24 	2931 	704 	2227 	1.4 	1.4 	1.2 
	6月	June		5322 	3277 	2045 	5249 	3228 	2020 	3645 	2439 	1207 	74 	48 	25 	2897 	706 	2191 	1.4 	1.5 	1.2 
	7月	July		5326 	3286 	2041 	5256 	3239 	2015 	3634 	2440 	1196 	70 	45 	25 	2890 	696 	2193 	1.3 	1.4 	1.2 
	8月	Aug.		5303 	3284 	2019 	5239 	3244 	1994 	3638 	2460 	1179 	64 	40 	24 	2922 	702 	2220 	1.2 	1.2 	1.2 
	9月	Sept.		5330 	3284 	2046 	5262 	3242 	2019 	3639 	2447 	1193 	67 	41 	25 	2904 	706 	2199 	1.3 	1.3 	1.2 
	10月	Oct.		5388 	3298 	2090 	5327 	3260 	2065 	3643 	2441 	1201 	60 	37 	24 	2849 	699 	2151 	1.1 	1.1 	1.1 
	11月	Nov.		5373 	3299 	2075 	5308 	3255 	2052 	3641 	2445 	1197 	64 	43 	21 	2880 	705 	2174 	1.2 	1.3 	1.0 
	12月	Dec.		5300 	3284 	2018 	5238 	3243 	1995 	3617 	2447 	1171 	60 	40 	22 	2962 	725 	2238 	1.1 	1.2 	1.1 
昭和49年	1月	Jan.		5302 	3291 	2011 	5240 	3252 	1988 	3593 	2444 	1149 	66 	41 	23 	2971 	723 	2248 	1.2 	1.3 	1.2 
1974	2月	Feb.		5325 	3297 	2028 	5256 	3252 	2004 	3612 	2445 	1168 	71 	46 	25 	2966 	726 	2241 	1.3 	1.4 	1.2 
	3月	Mar.		5327 	3317 	2010 	5255 	3270 	1985 	3633 	2464 	1169 	73 	47 	27 	2970 	709 	2260 	1.4 	1.4 	1.3 
	4月	Apr.		5338 	3314 	2025 	5272 	3269 	2001 	3649 	2465 	1185 	67 	43 	23 	2967 	715 	2251 	1.3 	1.3 	1.2 
	5月	May		5323 	3309 	2014 	5256 	3264 	1992 	3680 	2479 	1202 	67 	45 	22 	2989 	724 	2265 	1.3 	1.4 	1.1 
	6月	June		5312 	3316 	1998 	5244 	3272 	1972 	3660 	2483 	1177 	67 	43 	24 	3011 	721 	2290 	1.3 	1.3 	1.2 
	7月	July		5276 	3302 	1975 	5206 	3258 	1949 	3616 	2458 	1159 	68 	42 	26 	3043 	735 	2309 	1.3 	1.3 	1.3 
	8月	Aug.		5302 	3314 	1989 	5223 	3262 	1960 	3631 	2463 	1168 	79 	50 	29 	3027 	728 	2300 	1.5 	1.5 	1.5 
	9月	Sept.		5306 	3315 	1993 	5233 	3266 	1966 	3650 	2477 	1173 	73 	48 	25 	3024 	727 	2296 	1.4 	1.4 	1.3 
	10月	Oct.		5309 	3323 	1988 	5226 	3269 	1957 	3657 	2479 	1178 	83 	53 	29 	3029 	725 	2304 	1.6 	1.6 	1.5 
	11月	Nov.		5303 	3318 	1986 	5222 	3266 	1955 	3648 	2469 	1179 	80 	50 	30 	3043 	734 	2309 	1.5 	1.5 	1.5 
	12月	Dec.		5296 	3314 	1982 	5206 	3257 	1946 	3618 	2463 	1153 	91 	56 	35 	3057 	743 	2314 	1.7 	1.7 	1.8 
昭和50年	1月	Jan.		5284 	3316 	1967 	5194 	3260 	1931 	3622 	2473 	1149 	89 	56 	34 	3083 	749 	2334 	1.7 	1.7 	1.7 
1975	2月	Feb.		5290 	3316 	1974 	5196 	3254 	1939 	3621 	2464 	1158 	93 	60 	33 	3088 	754 	2334 	1.8 	1.8 	1.7 
	3月	Mar.		5291 	3314 	1977 	5196 	3252 	1942 	3623 	2464 	1160 	93 	61 	33 	3092 	758 	2335 	1.8 	1.8 	1.6 
	4月	Apr.		5286 	3318 	1968 	5189 	3255 	1934 	3614 	2463 	1151 	96 	63 	34 	3113 	761 	2352 	1.8 	1.9 	1.7 
	5月	May		5330 	3328 	2003 	5236 	3268 	1968 	3625 	2465 	1159 	95 	60 	35 	3075 	754 	2321 	1.8 	1.8 	1.8 
	6月	June		5334 	3320 	2013 	5237 	3256 	1981 	3646 	2468 	1178 	98 	66 	33 	3085 	769 	2316 	1.8 	2.0 	1.6 
	7月	July		5338 	3332 	2006 	5241 	3269 	1973 	3666 	2482 	1184 	98 	64 	33 	3085 	760 	2326 	1.8 	1.9 	1.7 
	8月	Aug.		5339 	3336 	2003 	5240 	3271 	1968 	3656 	2476 	1180 	99 	65 	34 	3090 	759 	2330 	1.9 	2.0 	1.7 
	9月	Sept.		5339 	3347 	1992 	5234 	3276 	1958 	3653 	2484 	1170 	105 	72 	33 	3103 	753 	2350 	2.0 	2.1 	1.7 
	10月	Oct.		5333 	3357 	1977 	5222 	3282 	1941 	3662 	2490 	1172 	112 	77 	36 	3123 	751 	2372 	2.1 	2.3 	1.8 
	11月	Nov.		5340 	3363 	1977 	5231 	3291 	1940 	3676 	2503 	1173 	110 	74 	37 	3119 	747 	2372 	2.1 	2.2 	1.9 
	12月	Dec.		5373 	3385 	1987 	5260 	3306 	1954 	3702 	2522 	1181 	114 	80 	34 	3096 	732 	2364 	2.1 	2.4 	1.7 
昭和51年	1月	Jan.		5374 	3377 	1995 	5257 	3294 	1962 	3690 	2503 	1188 	113 	80 	33 	3104 	747 	2358 	2.1 	2.4 	1.6 
1976	2月	Feb.		5371 	3372 	1997 	5260 	3299 	1959 	3704 	2509 	1193 	109 	72 	37 	3108 	752 	2356 	2.0 	2.1 	1.9 
	3月	Mar.		5385 	3367 	2017 	5278 	3293 	1985 	3731 	2516 	1216 	105 	73 	32 	3102 	759 	2343 	2.0 	2.2 	1.6 
	4月	Apr.		5366 	3361 	2005 	5255 	3284 	1971 	3711 	2504 	1206 	111 	77 	34 	3133 	771 	2361 	2.1 	2.3 	1.7 
	5月	May		5345 	3357 	1987 	5236 	3281 	1954 	3693 	2498 	1196 	110 	77 	34 	3162 	777 	2386 	2.1 	2.3 	1.7 
	6月	June		5347 	3363 	1985 	5240 	3290 	1951 	3700 	2508 	1192 	108 	73 	34 	3171 	777 	2394 	2.0 	2.2 	1.8 
	7月	July		5375 	3362 	2014 	5268 	3287 	1981 	3714 	2508 	1206 	109 	75 	33 	3144 	779 	2365 	2.0 	2.2 	1.7 
	8月	Aug.		5395 	3367 	2028 	5288 	3295 	1993 	3731 	2510 	1221 	107 	73 	34 	3134 	777 	2356 	2.0 	2.2 	1.7 
	9月	Sept.		5396 	3370 	2027 	5291 	3299 	1992 	3723 	2510 	1213 	106 	71 	35 	3145 	783 	2362 	2.0 	2.1 	1.7 
	10月	Oct.		5387 	3370 	2017 	5281 	3297 	1985 	3688 	2498 	1190 	107 	75 	32 	3157 	783 	2374 	2.0 	2.2 	1.6 
	11月	Nov.		5392 	3375 	2016 	5285 	3303 	1984 	3720 	2521 	1199 	106 	73 	32 	3158 	781 	2378 	2.0 	2.2 	1.6 
	12月	Dec.		5408 	3374 	2034 	5310 	3309 	2001 	3738 	2521 	1218 	98 	65 	33 	3151 	788 	2364 	1.8 	1.9 	1.6 
昭和52年	1月	Jan.		5420 	3378 	2041 	5315 	3307 	2008 	3752 	2518 	1235 	104 	70 	33 	3148 	788 	2360 	1.9 	2.1 	1.6 
1977	2月	Feb.		5415 	3374 	2040 	5306 	3300 	2006 	3767 	2525 	1242 	108 	74 	34 	3157 	793 	2364 	2.0 	2.2 	1.7 
	3月	Mar.		5423 	3379 	2042 	5315 	3309 	2005 	3777 	2536 	1241 	108 	71 	37 	3159 	792 	2366 	2.0 	2.1 	1.8 
	4月	Apr.		5448 	3372 	2075 	5345 	3302 	2042 	3799 	2527 	1271 	104 	69 	33 	3138 	803 	2336 	1.9 	2.1 	1.6 
	5月	May		5442 	3370 	2072 	5329 	3296 	2033 	3778 	2513 	1265 	112 	73 	39 	3158 	813 	2345 	2.1 	2.2 	1.9 
	6月	June		5442 	3376 	2066 	5328 	3301 	2026 	3739 	2493 	1245 	115 	75 	40 	3160 	807 	2354 	2.1 	2.2 	1.9 
	7月	July		5465 	3382 	2082 	5352 	3307 	2045 	3747 	2499 	1248 	113 	76 	38 	3146 	804 	2342 	2.1 	2.3 	1.8 
	8月	Aug.		5461 	3389 	2072 	5352 	3318 	2035 	3758 	2523 	1235 	109 	71 	38 	3160 	803 	2357 	2.0 	2.1 	1.8 
	9月	Sept.		5471 	3391 	2079 	5361 	3319 	2042 	3767 	2520 	1248 	110 	72 	39 	3160 	806 	2354 	2.0 	2.1 	1.9 
	10月	Oct.		5456 	3381 	2075 	5350 	3314 	2036 	3770 	2520 	1251 	106 	67 	39 	3183 	819 	2364 	1.9 	2.0 	1.9 
	11月	Nov.		5481 	3390 	2091 	5371 	3321 	2050 	3776 	2523 	1254 	111 	69 	42 	3164 	813 	2350 	2.0 	2.0 	2.0 
	12月	Dec.		5498 	3393 	2106 	5380 	3317 	2064 	3792 	2512 	1280 	117 	76 	42 	3152 	813 	2340 	2.1 	2.2 	2.0 
昭和53年	1月	Jan.		5478 	3389 	2090 	5361 	3312 	2049 	3785 	2515 	1270 	118 	76 	41 	3173 	814 	2360 	2.1 	2.2 	2.0 
1978	2月	Feb.		5510 	3404 	2107 	5385 	3322 	2064 	3780 	2521 	1261 	124 	80 	42 	3156 	806 	2350 	2.2 	2.4 	2.0 
	3月	Mar.		5510 	3399 	2111 	5386 	3319 	2068 	3782 	2508 	1273 	122 	79 	42 	3161 	813 	2348 	2.2 	2.3 	2.0 
	4月	Apr.		5509 	3405 	2104 	5389 	3328 	2060 	3805 	2535 	1270 	119 	77 	43 	3171 	811 	2360 	2.2 	2.2 	2.1 
	5月	May		5556 	3422 	2134 	5431 	3340 	2091 	3798 	2524 	1274 	125 	83 	43 	3134 	799 	2335 	2.3 	2.4 	2.0 
	6月	June		5563 	3409 	2153 	5434 	3326 	2108 	3787 	2499 	1287 	129 	85 	45 	3133 	815 	2318 	2.3 	2.5 	2.1 
	7月	July		5522 	3401 	2121 	5401 	3322 	2079 	3784 	2507 	1277 	121 	79 	43 	3186 	829 	2357 	2.2 	2.3 	2.0 
	8月	Aug.		5521 	3403 	2119 	5397 	3320 	2077 	3798 	2514 	1284 	125 	83 	42 	3194 	830 	2364 	2.3 	2.4 	2.0 
	9月	Sept.		5538 	3408 	2130 	5408 	3326 	2083 	3802 	2519 	1282 	131 	84 	46 	3180 	824 	2356 	2.4 	2.5 	2.2 
	10月	Oct.		5550 	3408 	2143 	5426 	3326 	2100 	3820 	2528 	1291 	124 	81 	43 	3179 	831 	2348 	2.2 	2.4 	2.0 
	11月	Nov.		5559 	3416 	2144 	5437 	3334 	2103 	3822 	2528 	1294 	122 	82 	40 	3179 	827 	2352 	2.2 	2.4 	1.9 
	12月	Dec.		5563 	3414 	2150 	5441 	3335 	2107 	3825 	2528 	1297 	122 	79 	43 	3180 	832 	2349 	2.2 	2.3 	2.0 
昭和54年	1月	Jan.		5586 	3416 	2171 	5464 	3340 	2125 	3831 	2527 	1304 	121 	76 	46 	3168 	834 	2334 	2.2 	2.2 	2.1 
1979	2月	Feb.		5567 	3415 	2153 	5455 	3345 	2112 	3843 	2539 	1304 	113 	71 	42 	3194 	840 	2354 	2.0 	2.1 	1.9 
	3月	Mar.		5560 	3417 	2144 	5442 	3340 	2102 	3832 	2537 	1294 	118 	75 	42 	3213 	846 	2367 	2.1 	2.2 	2.0 
	4月	Apr.		5572 	3426 	2146 	5453 	3351 	2102 	3818 	2534 	1284 	119 	75 	44 	3205 	838 	2368 	2.1 	2.2 	2.0 
	5月	May		5592 	3437 	2155 	5480 	3367 	2113 	3847 	2561 	1287 	112 	70 	42 	3189 	828 	2360 	2.0 	2.0 	2.0 
	6月	June		5595 	3448 	2147 	5481 	3375 	2106 	3885 	2586 	1300 	114 	73 	41 	3195 	822 	2373 	2.0 	2.1 	1.9 
	7月	July		5611 	3455 	2156 	5491 	3380 	2111 	3907 	2590 	1318 	121 	75 	46 	3187 	819 	2368 	2.2 	2.2 	2.1 
	8月	Aug.		5621 	3451 	2170 	5499 	3374 	2125 	3911 	2584 	1327 	121 	77 	44 	3182 	826 	2356 	2.2 	2.2 	2.1 
	9月	Sept.		5596 	3433 	2164 	5483 	3360 	2123 	3899 	2577 	1323 	113 	73 	41 	3214 	847 	2366 	2.0 	2.1 	1.9 
	10月	Oct.		5623 	3441 	2180 	5505 	3369 	2136 	3916 	2587 	1329 	117 	72 	44 	3196 	841 	2354 	2.1 	2.1 	2.0 
	11月	Nov.		5621 	3448 	2174 	5505 	3375 	2130 	3916 	2586 	1330 	116 	73 	44 	3212 	843 	2369 	2.1 	2.1 	2.0 
	12月	Dec.		5612 	3454 	2158 	5499 	3384 	2115 	3905 	2592 	1312 	113 	71 	42 	3233 	842 	2391 	2.0 	2.1 	1.9 
昭和55年	1月	Jan.		5605 	3447 	2158 	5497 	3379 	2118 	3918 	2600 	1319 	109 	68 	41 	3243 	851 	2393 	1.9 	2.0 	1.9 
1980	2月	Feb.		5610 	3443 	2167 	5507 	3377 	2130 	3922 	2590 	1332 	105 	67 	38 	3243 	857 	2386 	1.9 	2.0 	1.8 
	3月	Mar.		5620 	3451 	2170 	5514 	3385 	2129 	3915 	2591 	1324 	109 	67 	42 	3243 	855 	2389 	1.9 	1.9 	1.9 
	4月	Apr.		5634 	3456 	2180 	5524 	3389 	2134 	3912 	2593 	1319 	112 	66 	45 	3245 	859 	2386 	2.0 	1.9 	2.1 
	5月	May		5620 	3449 	2171 	5510 	3381 	2129 	3949 	2609 	1340 	110 	68 	42 	3268 	870 	2398 	2.0 	2.0 	1.9 
	6月	June		5651 	3461 	2190 	5543 	3394 	2149 	3994 	2629 	1365 	108 	66 	41 	3244 	861 	2383 	1.9 	1.9 	1.9 
	7月	July		5674 	3470 	2203 	5556 	3398 	2159 	3999 	2627 	1370 	116 	72 	44 	3228 	854 	2373 	2.0 	2.1 	2.0 
	8月	Aug.		5674 	3464 	2209 	5556 	3393 	2163 	3992 	2621 	1372 	118 	72 	46 	3236 	864 	2372 	2.1 	2.1 	2.1 
	9月	Sept.		5687 	3476 	2210 	5572 	3407 	2165 	4015 	2636 	1379 	114 	69 	45 	3236 	859 	2377 	2.0 	2.0 	2.0 
	10月	Oct.		5674 	3489 	2185 	5556 	3415 	2140 	4014 	2642 	1373 	118 	74 	45 	3260 	853 	2407 	2.1 	2.1 	2.0 
	11月	Nov.		5675 	3486 	2189 	5548 	3406 	2142 	4009 	2634 	1375 	127 	81 	46 	3267 	858 	2410 	2.2 	2.3 	2.1 
	12月	Dec.		5675 	3487 	2188 	5550 	3408 	2141 	4013 	2641 	1372 	125 	78 	47 	3272 	859 	2413 	2.2 	2.3 	2.1 
昭和56年	1月	Jan.		5690 	3500 	2190 	5570 	3425 	2145 	4032 	2654 	1378 	119 	75 	45 	3267 	853 	2414 	2.1 	2.2 	2.0 
1981	2月	Feb.		5691 	3505 	2185 	5563 	3427 	2136 	4022 	2650 	1373 	128 	79 	49 	3269 	849 	2420 	2.3 	2.3 	2.3 
	3月	Mar.		5698 	3511 	2186 	5573 	3432 	2139 	4017 	2649 	1368 	126 	79 	47 	3272 	847 	2425 	2.2 	2.3 	2.1 
	4月	Apr.		5714 	3500 	2213 	5586 	3418 	2168 	4045 	2646 	1401 	128 	83 	45 	3259 	859 	2400 	2.2 	2.4 	2.1 
	5月	May		5691 	3489 	2202 	5559 	3407 	2152 	4033 	2632 	1401 	132 	83 	49 	3288 	873 	2415 	2.3 	2.4 	2.2 
	6月	June		5697 	3499 	2198 	5568 	3421 	2147 	4035 	2649 	1386 	129 	78 	51 	3284 	863 	2421 	2.3 	2.2 	2.3 
	7月	July		5707 	3499 	2209 	5581 	3419 	2162 	4014 	2639 	1376 	126 	80 	46 	3282 	869 	2413 	2.2 	2.3 	2.1 
	8月	Aug.		5710 	3500 	2211 	5591 	3425 	2167 	4018 	2634 	1384 	119 	75 	44 	3284 	870 	2414 	2.1 	2.1 	2.0 
	9月	Sept.		5714 	3503 	2211 	5589 	3423 	2166 	4051 	2654 	1397 	125 	80 	45 	3287 	870 	2418 	2.2 	2.3 	2.0 
	10月	Oct.		5715 	3498 	2218 	5588 	3417 	2171 	4063 	2661 	1402 	127 	81 	47 	3291 	877 	2414 	2.2 	2.3 	2.1 
	11月	Nov.		5730 	3489 	2240 	5604 	3413 	2190 	4062 	2648 	1413 	125 	76 	49 	3281 	888 	2392 	2.2 	2.2 	2.2 
	12月	Dec.		5737 	3488 	2250 	5609 	3408 	2201 	4056 	2644 	1413 	127 	79 	48 	3278 	892 	2385 	2.2 	2.3 	2.1 
昭和57年	1月	Jan.		5730 	3490 	2240 	5603 	3409 	2194 	4066 	2655 	1411 	127 	81 	46 	3295 	894 	2401 	2.2 	2.3 	2.1 
1982	2月	Feb.		5744 	3503 	2241 	5617 	3423 	2194 	4062 	2656 	1406 	128 	81 	47 	3295 	888 	2408 	2.2 	2.3 	2.1 
	3月	Mar.		5764 	3517 	2247 	5633 	3437 	2197 	4077 	2672 	1404 	131 	81 	50 	3285 	879 	2406 	2.3 	2.3 	2.2 
	4月	Apr.		5758 	3526 	2231 	5625 	3445 	2179 	4108 	2696 	1412 	133 	81 	52 	3300 	871 	2428 	2.3 	2.3 	2.3 
	5月	May		5775 	3526 	2249 	5642 	3444 	2198 	4109 	2690 	1420 	134 	82 	51 	3295 	878 	2416 	2.3 	2.3 	2.3 
	6月	June		5759 	3512 	2247 	5620 	3423 	2197 	4086 	2674 	1411 	140 	89 	51 	3324 	899 	2425 	2.4 	2.5 	2.3 
	7月	July		5752 	3515 	2238 	5615 	3428 	2186 	4087 	2681 	1407 	138 	86 	52 	3338 	899 	2440 	2.4 	2.4 	2.3 
	8月	Aug.		5766 	3525 	2241 	5631 	3442 	2190 	4094 	2686 	1408 	135 	84 	51 	3338 	894 	2443 	2.3 	2.4 	2.3 
	9月	Sept.		5773 	3526 	2248 	5635 	3442 	2193 	4092 	2678 	1415 	139 	84 	56 	3335 	896 	2439 	2.4 	2.4 	2.5 
	10月	Oct.		5801 	3532 	2270 	5658 	3444 	2214 	4111 	2679 	1433 	144 	88 	56 	3318 	894 	2424 	2.5 	2.5 	2.5 
	11月	Nov.		5813 	3538 	2275 	5672 	3453 	2219 	4126 	2695 	1430 	141 	86 	55 	3311 	892 	2418 	2.4 	2.4 	2.4 
	12月	Dec.		5858 	3551 	2306 	5712 	3463 	2249 	4153 	2698 	1455 	146 	89 	57 	3277 	885 	2392 	2.5 	2.5 	2.5 
昭和58年	1月	Jan.		5879 	3562 	2317 	5720 	3467 	2254 	4164 	2702 	1461 	158 	95 	63 	3271 	881 	2390 	2.7 	2.7 	2.7 
1983	2月	Feb.		5879 	3558 	2321 	5722 	3463 	2260 	4174 	2705 	1470 	156 	95 	61 	3283 	891 	2392 	2.7 	2.7 	2.6 
	3月	Mar.		5871 	3549 	2322 	5716 	3454 	2263 	4197 	2701 	1495 	153 	95 	58 	3288 	898 	2390 	2.6 	2.7 	2.5 
	4月	Apr.		5872 	3553 	2318 	5712 	3456 	2256 	4187 	2704 	1483 	159 	97 	61 	3296 	899 	2398 	2.7 	2.7 	2.6 
	5月	May		5892 	3567 	2325 	5735 	3470 	2265 	4196 	2723 	1473 	158 	97 	61 	3282 	888 	2395 	2.7 	2.7 	2.6 
	6月	June		5892 	3575 	2316 	5742 	3484 	2257 	4198 	2726 	1472 	150 	92 	59 	3298 	887 	2411 	2.6 	2.6 	2.5 
	7月	July		5887 	3568 	2318 	5736 	3479 	2257 	4227 	2737 	1490 	151 	89 	61 	3311 	899 	2412 	2.6 	2.5 	2.6 
	8月	Aug.		5899 	3567 	2332 	5736 	3468 	2268 	4259 	2748 	1511 	164 	100 	64 	3310 	907 	2403 	2.8 	2.8 	2.8 
	9月	Sept.		5897 	3563 	2334 	5738 	3466 	2270 	4224 	2729 	1494 	161 	97 	64 	3318 	913 	2405 	2.7 	2.7 	2.7 
	10月	Oct.		5904 	3567 	2337 	5751 	3474 	2277 	4210 	2717 	1493 	153 	92 	61 	3318 	913 	2405 	2.6 	2.6 	2.6 
	11月	Nov.		5904 	3570 	2334 	5748 	3475 	2273 	4227 	2732 	1495 	155 	95 	60 	3329 	914 	2415 	2.6 	2.7 	2.6 
	12月	Dec.		5891 	3568 	2322 	5736 	3476 	2260 	4238 	2745 	1492 	155 	93 	63 	3354 	922 	2431 	2.6 	2.6 	2.7 
昭和59年	1月	Jan.		5872 	3564 	2308 	5711 	3468 	2243 	4224 	2736 	1488 	161 	96 	65 	3374 	927 	2448 	2.7 	2.7 	2.8 
1984	2月	Feb.		5887 	3574 	2313 	5724 	3477 	2246 	4241 	2750 	1490 	161 	96 	66 	3365 	921 	2444 	2.7 	2.7 	2.8 
	3月	Mar.		5902 	3569 	2333 	5742 	3475 	2267 	4251 	2749 	1503 	159 	94 	65 	3362 	931 	2431 	2.7 	2.6 	2.8 
	4月	Apr.		5911 	3572 	2338 	5753 	3476 	2277 	4239 	2736 	1503 	157 	96 	61 	3367 	936 	2432 	2.7 	2.7 	2.6 
	5月	May		5910 	3576 	2334 	5751 	3481 	2270 	4256 	2741 	1515 	159 	96 	63 	3377 	935 	2442 	2.7 	2.7 	2.7 
	6月	June		5936 	3582 	2354 	5771 	3485 	2286 	4274 	2744 	1529 	165 	98 	68 	3360 	936 	2424 	2.8 	2.7 	2.9 
	7月	July		5929 	3574 	2355 	5765 	3477 	2288 	4266 	2736 	1530 	165 	97 	68 	3375 	947 	2428 	2.8 	2.7 	2.9 
	8月	Aug.		5935 	3583 	2352 	5774 	3487 	2286 	4272 	2746 	1525 	162 	97 	65 	3379 	941 	2438 	2.7 	2.7 	2.8 
	9月	Sept.		5967 	3596 	2371 	5805 	3496 	2309 	4282 	2748 	1533 	162 	100 	61 	3360 	935 	2425 	2.7 	2.8 	2.6 
	10月	Oct.		5963 	3587 	2375 	5799 	3491 	2308 	4282 	2753 	1529 	164 	96 	68 	3368 	946 	2421 	2.7 	2.7 	2.9 
	11月	Nov.		5959 	3594 	2366 	5800 	3501 	2299 	4291 	2764 	1528 	160 	93 	67 	3383 	945 	2438 	2.7 	2.6 	2.8 
	12月	Dec.		5953 	3591 	2362 	5797 	3498 	2300 	4299 	2761 	1537 	154 	93 	61 	3400 	952 	2448 	2.6 	2.6 	2.6 
昭和60年	1月	Jan.		5959 	3594 	2366 	5812 	3506 	2306 	4302 	2765 	1538 	148 	88 	60 	3403 	956 	2447 	2.5 	2.5 	2.5 
1985	2月	Feb.		5963 	3592 	2372 	5808 	3498 	2311 	4306 	2766 	1540 	156 	94 	62 	3407 	962 	2446 	2.6 	2.6 	2.6 
	3月	Mar.		5952 	3592 	2361 	5796 	3496 	2300 	4306 	2772 	1535 	156 	95 	61 	3425 	964 	2461 	2.6 	2.7 	2.6 
	4月	Apr.		5954 	3592 	2362 	5807 	3504 	2303 	4307 	2766 	1541 	147 	89 	59 	3432 	971 	2462 	2.5 	2.5 	2.5 
	5月	May		5962 	3595 	2367 	5810 	3506 	2304 	4302 	2764 	1538 	152 	89 	63 	3444 	977 	2466 	2.6 	2.5 	2.7 
	6月	June		5950 	3590 	2359 	5794 	3499 	2295 	4291 	2756 	1536 	156 	91 	64 	3461 	983 	2478 	2.6 	2.5 	2.7 
	7月	July		5962 	3595 	2367 	5810 	3507 	2302 	4314 	2767 	1547 	152 	89 	64 	3455 	980 	2474 	2.6 	2.5 	2.7 
	8月	Aug.		5959 	3586 	2372 	5808 	3498 	2310 	4286 	2747 	1539 	151 	88 	63 	3460 	991 	2469 	2.5 	2.5 	2.7 
	9月	Sept.		5981 	3601 	2380 	5821 	3507 	2314 	4320 	2760 	1560 	160 	94 	65 	3455 	985 	2470 	2.7 	2.6 	2.7 
	10月	Oct.		5981 	3605 	2377 	5818 	3507 	2310 	4338 	2769 	1568 	164 	98 	66 	3466 	987 	2479 	2.7 	2.7 	2.8 
	11月	Nov.		5980 	3604 	2375 	5812 	3505 	2308 	4345 	2766 	1580 	168 	101 	67 	3482 	993 	2489 	2.8 	2.8 	2.8 
	12月	Dec.		5958 	3605 	2353 	5791 	3505 	2286 	4330 	2770 	1560 	167 	100 	67 	3513 	997 	2515 	2.8 	2.8 	2.8 
昭和61年	1月	Jan.		6003 	3615 	2388 	5841 	3519 	2322 	4362 	2784 	1578 	162 	96 	65 	3475 	991 	2485 	2.7 	2.7 	2.7 
1986	2月	Feb.		6006 	3609 	2397 	5850 	3517 	2333 	4375 	2787 	1589 	156 	92 	63 	3487 	1003 	2485 	2.6 	2.6 	2.6 
	3月	Mar.		6005 	3614 	2391 	5841 	3517 	2324 	4370 	2788 	1583 	164 	97 	66 	3499 	1005 	2494 	2.7 	2.7 	2.8 
	4月	Apr.		6014 	3623 	2391 	5842 	3522 	2321 	4383 	2802 	1581 	171 	100 	71 	3495 	998 	2497 	2.8 	2.8 	3.0 
	5月	May		5992 	3618 	2374 	5832 	3523 	2310 	4357 	2789 	1568 	160 	96 	65 	3511 	1001 	2511 	2.7 	2.6 	2.7 
	6月	June		6004 	3613 	2392 	5840 	3514 	2325 	4368 	2785 	1583 	165 	99 	66 	3512 	1013 	2500 	2.8 	2.7 	2.8 
	7月	July		6038 	3631 	2407 	5863 	3525 	2338 	4387 	2793 	1595 	176 	107 	69 	3500 	1003 	2497 	2.9 	2.9 	2.9 
	8月	Aug.		6039 	3638 	2401 	5867 	3539 	2329 	4389 	2801 	1589 	172 	100 	72 	3514 	1004 	2510 	2.8 	2.7 	3.0 
	9月	Sept.		6032 	3638 	2395 	5864 	3538 	2325 	4398 	2812 	1586 	169 	99 	70 	3532 	1011 	2521 	2.8 	2.7 	2.9 
	10月	Oct.		6037 	3638 	2399 	5872 	3538 	2335 	4400 	2810 	1590 	166 	102 	64 	3537 	1014 	2523 	2.7 	2.8 	2.7 
	11月	Nov.		6033 	3631 	2402 	5866 	3530 	2335 	4378 	2791 	1586 	167 	101 	67 	3544 	1023 	2521 	2.8 	2.8 	2.8 
	12月	Dec.		6039 	3634 	2405 	5865 	3531 	2334 	4377 	2791 	1587 	175 	104 	71 	3547 	1025 	2523 	2.9 	2.9 	3.0 
昭和62年	1月	Jan.		6043 	3638 	2405 	5864 	3531 	2333 	4381 	2796 	1585 	179 	106 	73 	3560 	1027 	2533 	3.0 	2.9 	3.0 
1987	2月	Feb.		6043 	3636 	2406 	5864 	3531 	2333 	4381 	2791 	1590 	178 	105 	73 	3571 	1034 	2537 	2.9 	2.9 	3.0 
	3月	Mar.		6061 	3647 	2414 	5885 	3543 	2342 	4398 	2801 	1597 	174 	104 	70 	3574 	1035 	2539 	2.9 	2.9 	2.9 
	4月	Apr.		6068 	3645 	2422 	5888 	3539 	2349 	4407 	2800 	1606 	178 	106 	72 	3579 	1043 	2536 	2.9 	2.9 	3.0 
	5月	May		6073 	3643 	2428 	5885 	3531 	2354 	4412 	2798 	1615 	188 	113 	74 	3577 	1044 	2531 	3.1 	3.1 	3.1 
	6月	June		6083 	3657 	2426 	5903 	3548 	2355 	4426 	2809 	1617 	182 	110 	71 	3579 	1039 	2540 	3.0 	3.0 	2.9 
	7月	July		6070 	3655 	2415 	5904 	3554 	2350 	4417 	2812 	1605 	167 	101 	65 	3607 	1048 	2559 	2.8 	2.8 	2.7 
	8月	Aug.		6101 	3668 	2432 	5932 	3562 	2370 	4439 	2820 	1618 	168 	106 	62 	3588 	1039 	2548 	2.8 	2.9 	2.5 
	9月	Sept.		6098 	3663 	2435 	5930 	3562 	2369 	4443 	2820 	1623 	167 	103 	65 	3590 	1043 	2547 	2.7 	2.8 	2.7 
	10月	Oct.		6103 	3666 	2437 	5937 	3566 	2370 	4460 	2832 	1629 	166 	99 	67 	3599 	1047 	2553 	2.7 	2.7 	2.7 
	11月	Nov.		6122 	3667 	2456 	5959 	3568 	2391 	4476 	2839 	1637 	164 	100 	64 	3596 	1055 	2542 	2.7 	2.7 	2.6 
	12月	Dec.		6139 	3668 	2472 	5977 	3570 	2407 	4490 	2836 	1654 	164 	98 	65 	3591 	1060 	2531 	2.7 	2.7 	2.6 
昭和63年	1月	Jan.		6143 	3677 	2466 	5978 	3577 	2401 	4497 	2841 	1656 	165 	100 	65 	3602 	1060 	2542 	2.7 	2.7 	2.6 
1988	2月	Feb.		6131 	3679 	2451 	5964 	3579 	2386 	4485 	2841 	1643 	166 	100 	65 	3621 	1063 	2558 	2.7 	2.7 	2.7 
	3月	Mar.		6136 	3679 	2457 	5972 	3582 	2390 	4485 	2843 	1642 	162 	96 	67 	3621 	1063 	2558 	2.6 	2.6 	2.7 
	4月	Apr.		6155 	3688 	2466 	5998 	3596 	2402 	4499 	2851 	1649 	156 	92 	64 	3623 	1064 	2558 	2.5 	2.5 	2.6 
	5月	May		6165 	3691 	2473 	6012 	3601 	2411 	4524 	2859 	1665 	153 	90 	63 	3629 	1070 	2559 	2.5 	2.4 	2.5 
	6月	June		6158 	3697 	2462 	6009 	3608 	2401 	4534 	2875 	1660 	149 	89 	60 	3638 	1064 	2574 	2.4 	2.4 	2.5 
	7月	July		6175 	3699 	2477 	6018 	3605 	2415 	4554 	2873 	1682 	156 	95 	62 	3626 	1066 	2560 	2.5 	2.6 	2.5 
	8月	Aug.		6182 	3702 	2479 	6024 	3612 	2412 	4574 	2887 	1687 	158 	91 	67 	3628 	1067 	2562 	2.6 	2.5 	2.7 
	9月	Sept.		6172 	3689 	2481 	6020 	3604 	2416 	4559 	2876 	1684 	151 	85 	66 	3653 	1086 	2567 	2.5 	2.3 	2.6 
	10月	Oct.		6178 	3693 	2485 	6028 	3608 	2421 	4554 	2871 	1683 	149 	85 	64 	3659 	1089 	2570 	2.4 	2.3 	2.6 
	11月	Nov.		6192 	3711 	2481 	6043 	3626 	2418 	4580 	2892 	1689 	148 	86 	63 	3662 	1080 	2581 	2.4 	2.3 	2.5 
	12月	Dec.		6206 	3711 	2494 	6059 	3627 	2430 	4607 	2901 	1705 	147 	84 	63 	3651 	1083 	2568 	2.4 	2.3 	2.5 
平成元年	1月	Jan.		6198 	3704 	2494 	6056 	3622 	2434 	4605 	2891 	1714 	143 	82 	60 	3662 	1090 	2571 	2.3 	2.2 	2.4 
1989	2月	Feb.		6220 	3717 	2504 	6075 	3634 	2441 	4636 	2909 	1727 	145 	82 	63 	3654 	1085 	2569 	2.3 	2.2 	2.5 
	3月	Mar.		6227 	3716 	2510 	6080 	3634 	2445 	4645 	2914 	1731 	148 	82 	65 	3658 	1092 	2567 	2.4 	2.2 	2.6 
	4月	Apr.		6244 	3729 	2515 	6098 	3641 	2456 	4658 	2915 	1744 	147 	88 	59 	3648 	1084 	2565 	2.4 	2.4 	2.4 
	5月	May		6259 	3731 	2529 	6113 	3642 	2471 	4672 	2923 	1748 	147 	89 	58 	3646 	1087 	2559 	2.3 	2.4 	2.3 
	6月	June		6279 	3737 	2542 	6139 	3653 	2485 	4682 	2928 	1754 	140 	83 	57 	3643 	1090 	2553 	2.2 	2.2 	2.2 
	7月	July		6297 	3749 	2547 	6156 	3667 	2488 	4692 	2939 	1753 	139 	82 	57 	3639 	1085 	2554 	2.2 	2.2 	2.3 
	8月	Aug.		6290 	3748 	2542 	6149 	3664 	2484 	4701 	2945 	1756 	140 	83 	58 	3653 	1090 	2564 	2.2 	2.2 	2.3 
	9月	Sept.		6283 	3741 	2543 	6146 	3659 	2487 	4689 	2936 	1753 	137 	82 	56 	3674 	1102 	2571 	2.2 	2.2 	2.2 
	10月	Oct.		6299 	3746 	2554 	6160 	3665 	2495 	4698 	2935 	1763 	139 	80 	59 	3664 	1103 	2561 	2.2 	2.1 	2.3 
	11月	Nov.		6312 	3758 	2555 	6172 	3675 	2497 	4721 	2949 	1772 	139 	82 	58 	3657 	1092 	2565 	2.2 	2.2 	2.3 
	12月	Dec.		6325 	3768 	2557 	6190 	3690 	2501 	4739 	2964 	1776 	134 	78 	56 	3661 	1089 	2572 	2.1 	2.1 	2.2 
平成 2年	1月	Jan.		6326 	3762 	2565 	6188 	3683 	2504 	4747 	2961 	1787 	139 	78 	61 	3664 	1101 	2564 	2.2 	2.1 	2.4 
1990	2月	Feb.		6341 	3764 	2578 	6205 	3686 	2520 	4754 	2958 	1797 	137 	80 	58 	3656 	1101 	2555 	2.2 	2.1 	2.3 
	3月	Mar.		6357 	3765 	2592 	6231 	3687 	2544 	4779 	2958 	1822 	128 	79 	49 	3647 	1102 	2545 	2.0 	2.1 	1.9 
	4月	Apr.		6358 	3770 	2588 	6224 	3694 	2531 	4805 	2988 	1817 	134 	76 	57 	3655 	1100 	2555 	2.1 	2.0 	2.2 
	5月	May		6377 	3791 	2587 	6245 	3719 	2527 	4844 	3019 	1825 	133 	73 	60 	3657 	1091 	2566 	2.1 	1.9 	2.3 
	6月	June		6374 	3789 	2585 	6236 	3710 	2526 	4832 	3005 	1827 	138 	78 	59 	3664 	1096 	2568 	2.2 	2.1 	2.3 
	7月	July		6390 	3790 	2599 	6255 	3715 	2540 	4807 	2984 	1822 	133 	74 	59 	3651 	1095 	2555 	2.1 	2.0 	2.3 
	8月	Aug.		6378 	3783 	2595 	6247 	3710 	2538 	4819 	2987 	1831 	130 	72 	57 	3675 	1108 	2566 	2.0 	1.9 	2.2 
	9月	Sept.		6423 	3814 	2608 	6286 	3734 	2552 	4900 	3036 	1863 	137 	80 	56 	3646 	1084 	2561 	2.1 	2.1 	2.1 
	10月	Oct.		6433 	3829 	2604 	6292 	3746 	2547 	4918 	3050 	1868 	140 	83 	57 	3648 	1075 	2573 	2.2 	2.2 	2.2 
	11月	Nov.		6420 	3812 	2607 	6288 	3737 	2551 	4904 	3031 	1873 	131 	75 	56 	3661 	1094 	2568 	2.0 	2.0 	2.1 
	12月	Dec.		6423 	3818 	2606 	6293 	3742 	2552 	4909 	3038 	1871 	130 	76 	54 	3668 	1093 	2575 	2.0 	2.0 	2.1 
平成 3年	1月	Jan.		6457 	3825 	2632 	6327 	3747 	2581 	4942 	3052 	1891 	131 	78 	52 	3645 	1090 	2555 	2.0 	2.1 	2.0 
1991	2月	Feb.		6452 	3820 	2631 	6321 	3742 	2579 	4946 	3048 	1898 	132 	79 	53 	3656 	1097 	2559 	2.1 	2.1 	2.0 
	3月	Mar.		6482 	3853 	2628 	6342 	3771 	2572 	4966 	3069 	1896 	140 	83 	57 	3644 	1074 	2570 	2.2 	2.2 	2.2 
	4月	Apr.		6483 	3846 	2637 	6346 	3767 	2578 	4972 	3066 	1905 	139 	80 	59 	3658 	1090 	2568 	2.1 	2.1 	2.2 
	5月	May		6486 	3846 	2639 	6353 	3771 	2581 	4978 	3071 	1907 	133 	74 	59 	3655 	1091 	2564 	2.1 	1.9 	2.2 
	6月	June		6516 	3861 	2654 	6378 	3786 	2591 	5019 	3095 	1924 	138 	75 	63 	3636 	1081 	2555 	2.1 	1.9 	2.4 
	7月	July		6510 	3853 	2657 	6370 	3775 	2595 	5021 	3095 	1926 	140 	78 	60 	3652 	1093 	2560 	2.1 	2.0 	2.3 
	8月	Aug.		6527 	3861 	2666 	6387 	3781 	2607 	5019 	3089 	1931 	139 	80 	59 	3646 	1091 	2555 	2.1 	2.1 	2.2 
	9月	Sept.		6537 	3874 	2662 	6397 	3799 	2599 	5023 	3098 	1926 	139 	76 	62 	3641 	1082 	2560 	2.1 	2.0 	2.3 
	10月	Oct.		6519 	3863 	2656 	6386 	3793 	2593 	5034 	3108 	1926 	132 	70 	62 	3666 	1096 	2570 	2.0 	1.8 	2.3 
	11月	Nov.		6535 	3868 	2668 	6399 	3793 	2607 	5046 	3111 	1935 	136 	75 	61 	3655 	1092 	2563 	2.1 	1.9 	2.3 
	12月	Dec.		6556 	3873 	2683 	6417 	3793 	2624 	5062 	3110 	1953 	137 	80 	58 	3639 	1087 	2552 	2.1 	2.1 	2.2 
平成 4年	1月	Jan.		6553 	3890 	2662 	6413 	3810 	2604 	5068 	3125 	1942 	140 	81 	59 	3656 	1075 	2582 	2.1 	2.1 	2.2 
1992	2月	Feb.		6593 	3903 	2690 	6460 	3826 	2634 	5098 	3137 	1961 	134 	77 	57 	3636 	1070 	2566 	2.0 	2.0 	2.1 
	3月	Mar.		6567 	3891 	2676 	6430 	3817 	2614 	5092 	3137 	1956 	138 	75 	63 	3666 	1085 	2581 	2.1 	1.9 	2.3 
	4月	Apr.		6550 	3891 	2659 	6414 	3815 	2599 	5080 	3131 	1950 	136 	77 	60 	3679 	1085 	2595 	2.1 	2.0 	2.2 
	5月	May		6560 	3889 	2671 	6421 	3805 	2616 	5098 	3124 	1974 	139 	83 	56 	3679 	1092 	2587 	2.1 	2.1 	2.1 
	6月	June		6560 	3882 	2677 	6421 	3799 	2621 	5097 	3125 	1972 	138 	83 	55 	3695 	1106 	2589 	2.1 	2.1 	2.1 
	7月	July		6552 	3894 	2658 	6411 	3812 	2599 	5129 	3155 	1975 	140 	82 	59 	3712 	1098 	2614 	2.1 	2.1 	2.2 
	8月	Aug.		6580 	3903 	2677 	6437 	3820 	2617 	5141 	3161 	1980 	144 	83 	60 	3692 	1093 	2599 	2.2 	2.1 	2.3 
	9月	Sept.		6581 	3896 	2685 	6436 	3813 	2623 	5123 	3141 	1983 	145 	84 	62 	3697 	1103 	2595 	2.2 	2.1 	2.3 
	10月	Oct.		6606 	3909 	2696 	6459 	3823 	2636 	5155 	3160 	1995 	145 	86 	59 	3682 	1093 	2589 	2.2 	2.2 	2.2 
	11月	Nov.		6624 	3922 	2703 	6473 	3835 	2637 	5183 	3180 	2002 	151 	86 	65 	3674 	1088 	2587 	2.3 	2.2 	2.4 
	12月	Dec.		6616 	3919 	2696 	6460 	3832 	2628 	5164 	3170 	1994 	155 	86 	68 	3687 	1092 	2595 	2.3 	2.2 	2.5 
平成 5年	1月	Jan.		6592 	3915 	2678 	6440 	3831 	2610 	5156 	3171 	1985 	151 	84 	68 	3720 	1101 	2620 	2.3 	2.1 	2.5 
1993	2月	Feb.		6587 	3929 	2658 	6433 	3841 	2591 	5184 	3194 	1990 	155 	87 	68 	3735 	1094 	2642 	2.3 	2.2 	2.6 
	3月	Mar.		6588 	3925 	2663 	6435 	3838 	2596 	5179 	3192 	1988 	154 	87 	67 	3740 	1100 	2640 	2.3 	2.2 	2.5 
	4月	Apr.		6599 	3928 	2670 	6446 	3840 	2606 	5189 	3188 	2002 	153 	88 	65 	3740 	1100 	2639 	2.3 	2.2 	2.4 
	5月	May		6607 	3934 	2673 	6442 	3836 	2605 	5180 	3184 	1996 	166 	98 	68 	3737 	1096 	2640 	2.5 	2.5 	2.5 
	6月	June		6604 	3931 	2674 	6439 	3840 	2601 	5192 	3192 	2000 	165 	92 	73 	3744 	1100 	2643 	2.5 	2.3 	2.7 
	7月	July		6617 	3936 	2680 	6452 	3842 	2609 	5229 	3206 	2023 	166 	94 	71 	3742 	1101 	2641 	2.5 	2.4 	2.7 
	8月	Aug.		6622 	3934 	2688 	6456 	3838 	2619 	5228 	3198 	2031 	166 	97 	69 	3747 	1108 	2639 	2.5 	2.5 	2.6 
	9月	Sept.		6618 	3933 	2685 	6449 	3836 	2613 	5218 	3199 	2020 	169 	98 	72 	3756 	1111 	2645 	2.6 	2.5 	2.7 
	10月	Oct.		6640 	3946 	2693 	6464 	3845 	2619 	5225 	3204 	2022 	176 	102 	75 	3737 	1098 	2639 	2.7 	2.6 	2.8 
	11月	Nov.		6654 	3954 	2701 	6472 	3848 	2624 	5220 	3197 	2023 	182 	106 	76 	3736 	1098 	2638 	2.7 	2.7 	2.8 
	12月	Dec.		6659 	3952 	2707 	6472 	3846 	2626 	5225 	3197 	2028 	187 	106 	82 	3744 	1106 	2638 	2.8 	2.7 	3.0 
平成 6年	1月	Jan.		6648 	3947 	2702 	6465 	3843 	2623 	5215 	3193 	2023 	184 	105 	79 	3756 	1112 	2643 	2.8 	2.6 	2.9 
1994	2月	Feb.		6642 	3950 	2692 	6449 	3841 	2608 	5208 	3192 	2016 	192 	108 	83 	3767 	1112 	2655 	2.9 	2.7 	3.1 
	3月	Mar.		6639 	3943 	2695 	6445 	3831 	2614 	5224 	3189 	2034 	193 	112 	80 	3775 	1119 	2656 	2.9 	2.8 	3.0 
	4月	Apr.		6659 	3948 	2712 	6471 	3836 	2635 	5265 	3210 	2055 	189 	112 	77 	3759 	1118 	2641 	2.8 	2.8 	2.8 
	5月	May		6663 	3957 	2707 	6478 	3851 	2626 	5261 	3216 	2045 	186 	105 	81 	3762 	1113 	2650 	2.8 	2.7 	3.0 
	6月	June		6641 	3949 	2692 	6453 	3836 	2617 	5238 	3196 	2042 	188 	114 	75 	3790 	1122 	2667 	2.8 	2.9 	2.8 
	7月	July		6637 	3948 	2689 	6443 	3833 	2611 	5225 	3194 	2033 	195 	115 	79 	3801 	1127 	2674 	2.9 	2.9 	3.0 
	8月	Aug.		6650 	3961 	2689 	6452 	3846 	2606 	5248 	3217 	2031 	198 	115 	84 	3795 	1116 	2678 	3.0 	2.9 	3.1 
	9月	Sept.		6636 	3958 	2677 	6438 	3839 	2599 	5244 	3216 	2028 	198 	119 	79 	3817 	1123 	2694 	3.0 	3.0 	2.9 
	10月	Oct.		6642 	3950 	2693 	6443 	3831 	2613 	5231 	3193 	2038 	199 	119 	81 	3816 	1135 	2681 	3.0 	3.0 	3.0 
	11月	Nov.		6645 	3950 	2695 	6454 	3839 	2615 	5238 	3200 	2039 	191 	111 	81 	3817 	1136 	2681 	2.9 	2.8 	3.0 
	12月	Dec.		6644 	3957 	2687 	6453 	3844 	2610 	5241 	3208 	2033 	190 	112 	77 	3828 	1134 	2694 	2.9 	2.8 	2.9 
平成 7年	1月	Jan.		6652 	3950 	2701 	6455 	3834 	2621 	5238 	3198 	2040 	196 	116 	80 	3824 	1141 	2682 	3.0 	2.9 	3.0 
1995	2月	Feb.		6659 	3948 	2710 	6461 	3833 	2628 	5231 	3199 	2032 	198 	116 	81 	3820 	1144 	2675 	3.0 	2.9 	3.0 
	3月	Mar.		6664 	3960 	2705 	6458 	3839 	2619 	5249 	3210 	2039 	206 	121 	86 	3819 	1138 	2682 	3.1 	3.0 	3.2 
	4月	Apr.		6660 	3955 	2705 	6452 	3833 	2619 	5237 	3198 	2039 	208 	122 	85 	3828 	1143 	2686 	3.1 	3.1 	3.1 
	5月	May		6651 	3949 	2701 	6451 	3834 	2617 	5258 	3206 	2052 	200 	116 	84 	3846 	1151 	2695 	3.0 	2.9 	3.1 
	6月	June		6663 	3964 	2700 	6459 	3847 	2612 	5269 	3222 	2046 	206 	118 	89 	3838 	1140 	2698 	3.1 	3.0 	3.3 
	7月	July		6673 	3975 	2698 	6465 	3852 	2613 	5264 	3223 	2041 	209 	124 	85 	3829 	1129 	2700 	3.1 	3.1 	3.2 
	8月	Aug.		6670 	3973 	2697 	6457 	3850 	2607 	5262 	3221 	2041 	214 	124 	91 	3836 	1133 	2703 	3.2 	3.1 	3.4 
	9月	Sept.		6699 	3987 	2711 	6482 	3864 	2618 	5293 	3234 	2059 	216 	123 	93 	3813 	1122 	2691 	3.2 	3.1 	3.4 
	10月	Oct.		6673 	3983 	2690 	6459 	3857 	2602 	5293 	3233 	2060 	214 	126 	88 	3849 	1131 	2717 	3.2 	3.2 	3.3 
	11月	Nov.		6670 	3977 	2693 	6443 	3840 	2602 	5278 	3220 	2059 	226 	136 	90 	3861 	1141 	2719 	3.4 	3.4 	3.4 
	12月	Dec.		6674 	3971 	2703 	6446 	3834 	2611 	5288 	3220 	2068 	228 	136 	92 	3861 	1149 	2713 	3.4 	3.4 	3.4 
平成 8年	1月	Jan.		6676 	3976 	2700 	6443 	3840 	2603 	5292 	3229 	2063 	232 	136 	97 	3859 	1145 	2714 	3.5 	3.4 	3.6 
1996	2月	Feb.		6664 	3973 	2692 	6440 	3840 	2600 	5294 	3232 	2062 	223 	132 	91 	3869 	1146 	2723 	3.4 	3.3 	3.4 
	3月	Mar.		6688 	3971 	2716 	6471 	3841 	2630 	5311 	3224 	2086 	216 	130 	86 	3852 	1147 	2704 	3.2 	3.3 	3.2 
	4月	Apr.		6701 	3987 	2714 	6476 	3857 	2619 	5309 	3233 	2075 	226 	130 	95 	3846 	1138 	2708 	3.4 	3.3 	3.5 
	5月	May		6687 	3981 	2706 	6459 	3842 	2616 	5308 	3232 	2076 	229 	140 	90 	3868 	1148 	2720 	3.4 	3.5 	3.3 
	6月	June		6718 	3992 	2726 	6491 	3854 	2636 	5329 	3240 	2089 	228 	138 	90 	3844 	1140 	2705 	3.4 	3.5 	3.3 
	7月	July		6739 	4000 	2739 	6512 	3868 	2644 	5332 	3247 	2085 	228 	133 	95 	3826 	1132 	2694 	3.4 	3.3 	3.5 
	8月	Aug.		6726 	4008 	2719 	6505 	3873 	2632 	5333 	3246 	2087 	222 	134 	87 	3845 	1128 	2716 	3.3 	3.3 	3.2 
	9月	Sept.		6742 	4006 	2737 	6521 	3874 	2647 	5343 	3244 	2099 	222 	132 	90 	3834 	1132 	2702 	3.3 	3.3 	3.3 
	10月	Oct.		6737 	4003 	2734 	6509 	3867 	2642 	5323 	3234 	2088 	228 	136 	93 	3845 	1138 	2707 	3.4 	3.4 	3.4 
	11月	Nov.		6728 	4001 	2726 	6506 	3870 	2636 	5340 	3244 	2095 	221 	131 	90 	3859 	1140 	2719 	3.3 	3.3 	3.3 
	12月	Dec.		6731 	4011 	2720 	6502 	3876 	2626 	5355 	3255 	2099 	227 	134 	93 	3859 	1134 	2726 	3.4 	3.3 	3.4 
平成 9年	1月	Jan.		6760 	4024 	2735 	6533 	3890 	2642 	5388 	3273 	2115 	226 	133 	93 	3861 	1135 	2726 	3.3 	3.3 	3.4 
1997	2月	Feb.		6787 	4026 	2761 	6558 	3891 	2666 	5404 	3268 	2136 	230 	135 	95 	3837 	1136 	2700 	3.4 	3.3 	3.4 
	3月	Mar.		6781 	4034 	2747 	6561 	3906 	2656 	5391 	3272 	2119 	221 	130 	91 	3850 	1132 	2718 	3.3 	3.2 	3.3 
	4月	Apr.		6775 	4033 	2742 	6558 	3906 	2652 	5396 	3282 	2115 	219 	127 	92 	3862 	1135 	2727 	3.2 	3.2 	3.3 
	5月	May		6793 	4039 	2753 	6562 	3910 	2653 	5384 	3278 	2106 	232 	131 	101 	3850 	1131 	2719 	3.4 	3.2 	3.7 
	6月	June		6811 	4040 	2772 	6584 	3908 	2676 	5402 	3272 	2130 	228 	132 	96 	3839 	1135 	2703 	3.4 	3.3 	3.5 
	7月	July		6807 	4034 	2773 	6576 	3897 	2680 	5410 	3260 	2149 	230 	137 	93 	3844 	1142 	2703 	3.4 	3.4 	3.4 
	8月	Aug.		6782 	4021 	2761 	6553 	3885 	2668 	5381 	3249 	2132 	229 	136 	93 	3871 	1154 	2718 	3.4 	3.4 	3.4 
	9月	Sept.		6785 	4018 	2769 	6551 	3874 	2677 	5377 	3242 	2136 	234 	142 	92 	3879 	1164 	2715 	3.5 	3.5 	3.3 
	10月	Oct.		6799 	4021 	2777 	6560 	3879 	2681 	5378 	3246 	2132 	238 	141 	96 	3872 	1163 	2710 	3.5 	3.5 	3.5 
	11月	Nov.		6775 	4018 	2757 	6535 	3876 	2659 	5382 	3257 	2124 	239 	141 	98 	3900 	1167 	2733 	3.5 	3.5 	3.5 
	12月	Dec.		6794 	4022 	2773 	6552 	3880 	2673 	5399 	3262 	2137 	239 	142 	98 	3884 	1165 	2719 	3.5 	3.5 	3.5 
平成10年	1月	Jan.		6804 	4020 	2785 	6560 	3871 	2689 	5397 	3245 	2152 	243 	149 	94 	3876 	1166 	2710 	3.6 	3.7 	3.4 
1998	2月	Feb.		6790 	4022 	2768 	6543 	3871 	2672 	5397 	3251 	2146 	246 	151 	96 	3905 	1171 	2734 	3.6 	3.7 	3.5 
	3月	Mar.		6800 	4031 	2769 	6540 	3873 	2667 	5389 	3262 	2126 	262 	158 	103 	3903 	1169 	2734 	3.8 	3.9 	3.7 
	4月	Apr.		6793 	4028 	2765 	6521 	3863 	2657 	5371 	3252 	2118 	273 	166 	108 	3913 	1170 	2743 	4.0 	4.1 	3.9 
	5月	May		6808 	4033 	2775 	6529 	3863 	2666 	5358 	3241 	2117 	278 	169 	109 	3899 	1166 	2733 	4.1 	4.2 	3.9 
	6月	June		6803 	4036 	2767 	6522 	3869 	2654 	5363 	3243 	2120 	281 	167 	113 	3911 	1164 	2746 	4.1 	4.1 	4.1 
	7月	July		6790 	4028 	2762 	6513 	3864 	2649 	5360 	3243 	2118 	277 	164 	114 	3935 	1179 	2756 	4.1 	4.1 	4.1 
	8月	Aug.		6804 	4025 	2779 	6508 	3847 	2661 	5361 	3230 	2130 	296 	178 	118 	3926 	1185 	2742 	4.4 	4.4 	4.2 
	9月	Sept.		6780 	4018 	2761 	6487 	3840 	2647 	5341 	3225 	2116 	293 	179 	114 	3952 	1191 	2761 	4.3 	4.5 	4.1 
	10月	Oct.		6782 	4019 	2764 	6489 	3845 	2644 	5360 	3244 	2116 	293 	175 	120 	3952 	1190 	2761 	4.3 	4.3 	4.3 
	11月	Nov.		6781 	4024 	2758 	6477 	3842 	2635 	5356 	3240 	2116 	305 	182 	123 	3959 	1190 	2769 	4.5 	4.5 	4.4 
	12月	Dec.		6779 	4026 	2752 	6479 	3845 	2635 	5353 	3239 	2115 	300 	183 	118 	3962 	1186 	2775 	4.4 	4.5 	4.3 
平成11年	1月	Jan.		6783 	4040 	2743 	6477 	3853 	2624 	5358 	3251 	2107 	306 	187 	119 	3964 	1176 	2788 	4.5 	4.6 	4.3 
1999	2月	Feb.		6774 	4030 	2743 	6459 	3841 	2618 	5325 	3226 	2100 	314 	189 	125 	3979 	1187 	2793 	4.6 	4.7 	4.6 
	3月	Mar.		6777 	4015 	2762 	6455 	3822 	2633 	5332 	3207 	2125 	319 	191 	128 	3975 	1199 	2777 	4.7 	4.8 	4.6 
	4月	Apr.		6784 	4016 	2769 	6462 	3818 	2644 	5336 	3205 	2131 	321 	197 	124 	3971 	1202 	2769 	4.7 	4.9 	4.5 
	5月	May		6786 	4024 	2762 	6468 	3825 	2644 	5328 	3203 	2125 	317 	199 	118 	3973 	1196 	2777 	4.7 	4.9 	4.3 
	6月	June		6769 	4025 	2744 	6445 	3822 	2623 	5297 	3198 	2099 	324 	203 	121 	3992 	1195 	2797 	4.8 	5.1 	4.4 
	7月	July		6767 	4018 	2749 	6441 	3818 	2623 	5298 	3198 	2099 	328 	201 	127 	4003 	1206 	2797 	4.8 	5.0 	4.6 
	8月	Aug.		6792 	4020 	2773 	6471 	3826 	2645 	5342 	3214 	2128 	321 	194 	127 	3987 	1209 	2778 	4.7 	4.8 	4.6 
	9月	Sept.		6796 	4030 	2766 	6481 	3843 	2639 	5348 	3226 	2122 	315 	187 	128 	3983 	1198 	2784 	4.6 	4.6 	4.6 
	10月	Oct.		6778 	4028 	2750 	6463 	3839 	2624 	5348 	3227 	2122 	315 	188 	125 	4006 	1202 	2804 	4.6 	4.7 	4.6 
	11月	Nov.		6773 	4021 	2752 	6464 	3832 	2632 	5331 	3213 	2119 	309 	190 	119 	4013 	1210 	2803 	4.6 	4.7 	4.3 
	12月	Dec.		6770 	4023 	2747 	6456 	3828 	2627 	5316 	3207 	2108 	315 	195 	119 	4024 	1213 	2811 	4.7 	4.8 	4.3 
平成12年	1月	Jan.		6769 	4020 	2749 	6450 	3824 	2627 	5323 	3208 	2114 	318 	196 	122 	4028 	1216 	2812 	4.7 	4.9 	4.4 
2000	2月	Feb.		6759 	4020 	2740 	6430 	3814 	2616 	5324 	3207 	2117 	328 	205 	124 	4050 	1222 	2828 	4.9 	5.1 	4.5 
	3月	Mar.		6742 	4011 	2731 	6414 	3806 	2608 	5314 	3202 	2112 	327 	204 	123 	4064 	1229 	2835 	4.9 	5.1 	4.5 
	4月	Apr.		6763 	4006 	2757 	6438 	3810 	2628 	5314 	3189 	2125 	324 	196 	128 	4051 	1237 	2814 	4.8 	4.9 	4.6 
	5月	May		6758 	4007 	2750 	6445 	3818 	2626 	5358 	3217 	2142 	313 	189 	124 	4058 	1237 	2822 	4.6 	4.7 	4.5 
	6月	June		6752 	4001 	2751 	6436 	3810 	2627 	5356 	3217 	2140 	316 	191 	125 	4069 	1244 	2825 	4.7 	4.8 	4.5 
	7月	July		6754 	3999 	2754 	6438 	3804 	2635 	5347 	3207 	2140 	315 	195 	120 	4068 	1245 	2823 	4.7 	4.9 	4.4 
	8月	Aug.		6752 	4003 	2748 	6438 	3811 	2628 	5348 	3214 	2135 	313 	192 	120 	4074 	1242 	2832 	4.6 	4.8 	4.4 
	9月	Sept.		6768 	4017 	2751 	6451 	3822 	2629 	5389 	3237 	2152 	317 	194 	122 	4062 	1231 	2831 	4.7 	4.8 	4.4 
	10月	Oct.		6789 	4027 	2762 	6472 	3831 	2641 	5400 	3236 	2165 	317 	196 	121 	4045 	1224 	2821 	4.7 	4.9 	4.4 
	11月	Nov.		6798 	4031 	2768 	6476 	3834 	2642 	5401 	3235 	2166 	322 	198 	126 	4043 	1223 	2820 	4.7 	4.9 	4.5 
	12月	Dec.		6787 	4020 	2766 	6462 	3822 	2640 	5388 	3223 	2165 	325 	198 	126 	4070 	1240 	2830 	4.8 	4.9 	4.6 
平成13年	1月	Jan.		6783 	4003 	2781 	6457 	3805 	2653 	5381 	3204 	2177 	326 	198 	128 	4072 	1256 	2816 	4.8 	4.9 	4.6 
2001	2月	Feb.		6790 	4004 	2787 	6470 	3809 	2662 	5404 	3223 	2181 	320 	194 	125 	4059 	1253 	2806 	4.7 	4.8 	4.5 
	3月	Mar.		6767 	4005 	2762 	6445 	3809 	2635 	5384 	3228 	2156 	322 	196 	126 	4094 	1257 	2837 	4.8 	4.9 	4.6 
	4月	Apr.		6754 	4005 	2749 	6427 	3802 	2626 	5383 	3220 	2161 	326 	203 	124 	4112 	1260 	2852 	4.8 	5.1 	4.5 
	5月	May		6755 	3997 	2758 	6421 	3791 	2630 	5394 	3215 	2179 	334 	205 	128 	4118 	1270 	2848 	4.9 	5.1 	4.6 
	6月	June		6738 	3983 	2755 	6404 	3779 	2626 	5389 	3213 	2175 	334 	205 	130 	4135 	1285 	2852 	5.0 	5.1 	4.7 
	7月	July		6742 	3989 	2752 	6402 	3781 	2622 	5369 	3202 	2167 	338 	208 	130 	4138 	1281 	2858 	5.0 	5.2 	4.7 
	8月	Aug.		6739 	3994 	2744 	6397 	3786 	2611 	5359 	3202 	2157 	341 	208 	133 	4144 	1276 	2867 	5.1 	5.2 	4.8 
	9月	Sept.		6721 	3979 	2743 	6367 	3765 	2602 	5337 	3187 	2151 	354 	213 	141 	4164 	1293 	2871 	5.3 	5.4 	5.1 
	10月	Oct.		6725 	3974 	2751 	6372 	3753 	2618 	5341 	3177 	2164 	354 	221 	133 	4168 	1302 	2866 	5.3 	5.6 	4.8 
	11月	Nov.		6765 	3987 	2778 	6402 	3763 	2640 	5345 	3173 	2172 	364 	225 	139 	4139 	1292 	2847 	5.4 	5.6 	5.0 
	12月	Dec.		6745 	3981 	2765 	6382 	3754 	2627 	5341 	3173 	2168 	366 	227 	139 	4162 	1301 	2861 	5.4 	5.7 	5.0 
平成14年	1月	Jan.		6716 	3973 	2743 	6365 	3757 	2607 	5337 	3182 	2155 	351 	215 	136 	4192 	1315 	2876 	5.2 	5.4 	5.0 
2002	2月	Feb.		6721 	3971 	2750 	6363 	3758 	2606 	5332 	3175 	2157 	357 	213 	144 	4188 	1314 	2874 	5.3 	5.4 	5.2 
	3月	Mar.		6719 	3975 	2743 	6360 	3761 	2600 	5339 	3180 	2158 	357 	215 	143 	4188 	1308 	2880 	5.3 	5.4 	5.2 
	4月	Apr.		6688 	3962 	2727 	6334 	3743 	2590 	5335 	3176 	2159 	353 	217 	136 	4216 	1320 	2896 	5.3 	5.5 	5.0 
	5月	May		6669 	3946 	2724 	6307 	3725 	2582 	5296 	3151 	2145 	361 	220 	141 	4244 	1341 	2903 	5.4 	5.6 	5.2 
	6月	June		6678 	3952 	2726 	6313 	3732 	2581 	5322 	3169 	2153 	366 	219 	145 	4243 	1338 	2905 	5.5 	5.6 	5.3 
	7月	July		6682 	3960 	2723 	6324 	3743 	2581 	5351 	3188 	2163 	359 	217 	141 	4240 	1330 	2909 	5.4 	5.5 	5.2 
	8月	Aug.		6690 	3963 	2727 	6324 	3736 	2588 	5348 	3183 	2164 	368 	229 	139 	4232 	1328 	2904 	5.5 	5.8 	5.1 
	9月	Sept.		6683 	3952 	2732 	6322 	3727 	2595 	5335 	3162 	2173 	362 	226 	136 	4246 	1343 	2903 	5.4 	5.7 	5.0 
	10月	Oct.		6684 	3953 	2732 	6324 	3729 	2595 	5321 	3157 	2163 	360 	224 	137 	4249 	1344 	2906 	5.4 	5.7 	5.0 
	11月	Nov.		6673 	3931 	2742 	6324 	3715 	2609 	5329 	3149 	2179 	349 	217 	132 	4252 	1360 	2892 	5.2 	5.5 	4.8 
	12月	Dec.		6669 	3933 	2737 	6312 	3715 	2597 	5330 	3162 	2168 	360 	219 	141 	4256 	1358 	2899 	5.4 	5.6 	5.2 
平成15年	1月	Jan.		6663 	3936 	2727 	6300 	3719 	2581 	5328 	3165 	2163 	362 	217 	145 	4265 	1354 	2912 	5.4 	5.5 	5.3 
2003	2月	Feb.		6656 	3937 	2718 	6306 	3724 	2581 	5324 	3162 	2163 	349 	213 	137 	4276 	1357 	2920 	5.2 	5.4 	5.0 
	3月	Mar.		6691 	3949 	2743 	6326 	3720 	2606 	5341 	3157 	2184 	364 	227 	135 	4250 	1352 	2897 	5.4 	5.7 	4.9 
	4月	Apr.		6672 	3940 	2732 	6305 	3715 	2590 	5321 	3156 	2165 	365 	224 	140 	4269 	1358 	2910 	5.5 	5.7 	5.1 
	5月	May		6672 	3945 	2728 	6309 	3721 	2589 	5321 	3160 	2161 	363 	224 	139 	4275 	1355 	2920 	5.4 	5.7 	5.1 
	6月	June		6710 	3955 	2756 	6351 	3729 	2621 	5345 	3157 	2188 	361 	225 	136 	4250 	1353 	2896 	5.4 	5.7 	4.9 
	7月	July		6678 	3935 	2743 	6331 	3722 	2608 	5352 	3166 	2186 	348 	213 	135 	4282 	1372 	2911 	5.2 	5.4 	4.9 
	8月	Aug.		6649 	3923 	2728 	6312 	3715 	2597 	5332 	3152 	2180 	339 	208 	130 	4311 	1384 	2928 	5.1 	5.3 	4.8 
	9月	Sept.		6654 	3925 	2729 	6310 	3711 	2599 	5321 	3147 	2173 	344 	214 	130 	4307 	1381 	2926 	5.2 	5.5 	4.8 
	10月	Oct.		6645 	3918 	2727 	6306 	3711 	2596 	5320 	3145 	2176 	338 	208 	130 	4316 	1388 	2929 	5.1 	5.3 	4.8 
	11月	Nov.		6651 	3926 	2724 	6311 	3718 	2592 	5347 	3164 	2183 	340 	208 	133 	4314 	1383 	2931 	5.1 	5.3 	4.9 
	12月	Dec.		6659 	3922 	2737 	6333 	3723 	2610 	5373 	3168 	2205 	327 	200 	127 	4299 	1382 	2916 	4.9 	5.1 	4.6 
平成16年	1月	Jan.		6646 	3915 	2731 	6320 	3715 	2605 	5353 	3160 	2193 	326 	200 	126 	4320 	1392 	2928 	4.9 	5.1 	4.6 
2004	2月	Feb.		6650 	3913 	2737 	6320 	3710 	2610 	5349 	3155 	2194 	329 	203 	126 	4316 	1393 	2924 	5.0 	5.2 	4.6 
	3月	Mar.		6655 	3904 	2751 	6339 	3710 	2628 	5353 	3143 	2211 	316 	194 	123 	4321 	1406 	2916 	4.8 	5.0 	4.5 
	4月	Apr.		6668 	3921 	2747 	6350 	3727 	2623 	5370 	3161 	2208 	319 	195 	125 	4325 	1398 	2927 	4.8 	5.0 	4.5 
	5月	May		6640 	3912 	2728 	6331 	3724 	2606 	5368 	3171 	2197 	310 	188 	122 	4343 	1401 	2942 	4.7 	4.8 	4.5 
	6月	June		6623 	3898 	2725 	6312 	3706 	2606 	5341 	3144 	2197 	312 	192 	119 	4345 	1408 	2937 	4.7 	4.9 	4.4 
	7月	July		6648 	3905 	2742 	6324 	3703 	2621 	5354 	3143 	2210 	324 	203 	121 	4325 	1403 	2922 	4.9 	5.2 	4.4 
	8月	Aug.		6668 	3911 	2755 	6348 	3718 	2630 	5370 	3153 	2217 	319 	193 	125 	4310 	1401 	2909 	4.8 	4.9 	4.5 
	9月	Sept.		6638 	3892 	2745 	6330 	3703 	2628 	5345 	3135 	2210 	306 	190 	117 	4339 	1420 	2919 	4.6 	4.9 	4.3 
	10月	Oct.		6627 	3886 	2741 	6323 	3701 	2622 	5351 	3142 	2210 	304 	185 	118 	4353 	1424 	2929 	4.6 	4.8 	4.3 
	11月	Nov.		6615 	3900 	2715 	6317 	3716 	2601 	5355 	3161 	2194 	298 	184 	114 	4369 	1414 	2955 	4.5 	4.7 	4.2 
	12月	Dec.		6632 	3907 	2725 	6336 	3725 	2610 	5357 	3159 	2199 	296 	182 	114 	4355 	1409 	2945 	4.5 	4.6 	4.2 
平成17年	1月	Jan.		6657 	3908 	2750 	6360 	3724 	2636 	5354 	3144 	2210 	297 	182 	114 	4331 	1405 	2925 	4.5 	4.7 	4.2 
2005	2月	Feb.		6640 	3897 	2743 	6334 	3709 	2627 	5344 	3137 	2208 	306 	188 	117 	4353 	1418 	2935 	4.6 	4.8 	4.3 
	3月	Mar.		6618 	3888 	2730 	6320 	3706 	2614 	5354 	3148 	2205 	298 	182 	116 	4367 	1422 	2945 	4.5 	4.7 	4.3 
	4月	Apr.		6639 	3892 	2747 	6342 	3712 	2630 	5385 	3160 	2225 	297 	180 	117 	4348 	1421 	2928 	4.5 	4.6 	4.3 
	5月	May		6667 	3899 	2768 	6368 	3717 	2650 	5401 	3156 	2245 	300 	182 	118 	4329 	1420 	2909 	4.5 	4.7 	4.3 
	6月	June		6639 	3895 	2744 	6355 	3721 	2634 	5384 	3157 	2228 	284 	175 	108 	4352 	1420 	2932 	4.3 	4.5 	4.0 
	7月	July		6661 	3900 	2760 	6365 	3724 	2641 	5389 	3159 	2230 	295 	176 	119 	4334 	1417 	2917 	4.4 	4.5 	4.3 
	8月	Aug.		6648 	3895 	2754 	6361 	3721 	2640 	5387 	3158 	2229 	287 	173 	113 	4351 	1423 	2927 	4.3 	4.4 	4.1 
	9月	Sept.		6681 	3917 	2763 	6399 	3750 	2650 	5447 	3194 	2253 	281 	168 	112 	4323 	1402 	2921 	4.2 	4.3 	4.1 
	10月	Oct.		6678 	3916 	2761 	6382 	3740 	2641 	5446 	3192 	2253 	295 	175 	119 	4326 	1405 	2921 	4.4 	4.5 	4.3 
	11月	Nov.		6644 	3905 	2740 	6343 	3727 	2617 	5406 	3180 	2227 	301 	178 	122 	4360 	1415 	2945 	4.5 	4.6 	4.5 
	12月	Dec.		6640 	3902 	2738 	6350 	3726 	2624 	5420 	3182 	2239 	291 	175 	115 	4367 	1421 	2947 	4.4 	4.5 	4.2 
平成18年	1月	Jan.		6661 	3903 	2758 	6369 	3721 	2649 	5451 	3185 	2265 	294 	183 	111 	4345 	1417 	2928 	4.4 	4.7 	4.0 
2006	2月	Feb.		6656 	3897 	2758 	6383 	3724 	2658 	5471 	3190 	2281 	274 	173 	101 	4353 	1423 	2929 	4.1 	4.4 	3.7 
	3月	Mar.		6650 	3907 	2743 	6374 	3737 	2636 	5468 	3201 	2267 	275 	170 	106 	4372 	1422 	2949 	4.1 	4.4 	3.9 
	4月	Apr.		6629 	3893 	2736 	6357 	3726 	2630 	5453 	3192 	2261 	272 	166 	106 	4381 	1429 	2951 	4.1 	4.3 	3.9 
	5月	May		6651 	3896 	2754 	6379 	3732 	2647 	5479 	3203 	2277 	271 	164 	107 	4366 	1428 	2938 	4.1 	4.2 	3.9 
	6月	June		6666 	3907 	2759 	6383 	3740 	2643 	5491 	3215 	2276 	283 	167 	116 	4359 	1423 	2937 	4.2 	4.3 	4.2 
	7月	July		6663 	3904 	2760 	6389 	3739 	2650 	5477 	3199 	2279 	275 	165 	109 	4362 	1426 	2935 	4.1 	4.2 	4.0 
	8月	Aug.		6670 	3904 	2767 	6396 	3736 	2661 	5479 	3196 	2282 	273 	168 	106 	4353 	1425 	2929 	4.1 	4.3 	3.8 
	9月	Sept.		6680 	3908 	2773 	6406 	3741 	2665 	5495 	3206 	2290 	274 	167 	107 	4347 	1422 	2925 	4.1 	4.3 	3.9 
	10月	Oct.		6695 	3913 	2783 	6421 	3744 	2677 	5498 	3206 	2293 	273 	168 	105 	4335 	1418 	2916 	4.1 	4.3 	3.8 
	11月	Nov.		6685 	3903 	2782 	6417 	3739 	2680 	5492 	3194 	2298 	267 	164 	102 	4352 	1430 	2922 	4.0 	4.2 	3.7 
	12月	Dec.		6667 	3902 	2764 	6400 	3739 	2661 	5484 	3197 	2287 	266 	163 	103 	4366 	1429 	2936 	4.0 	4.2 	3.7 
平成19年	1月	Jan.		6646 	3904 	2741 	6381 	3745 	2635 	5503 	3224 	2281 	267 	160 	107 	4395 	1436 	2959 	4.0 	4.1 	3.9 
2007	2月	Feb.		6681 	3924 	2757 	6416 	3767 	2650 	5532 	3240 	2292 	268 	159 	111 	4368 	1422 	2946 	4.0 	4.1 	4.0 
	3月	Mar.		6694 	3924 	2770 	6423 	3761 	2663 	5532 	3234 	2298 	268 	161 	108 	4355 	1420 	2935 	4.0 	4.1 	3.9 
	4月	Apr.		6694 	3921 	2774 	6436 	3764 	2672 	5544 	3238 	2306 	257 	157 	102 	4362 	1426 	2935 	3.8 	4.0 	3.7 
	5月	May		6690 	3918 	2772 	6436 	3767 	2671 	5537 	3231 	2306 	253 	151 	102 	4364 	1429 	2935 	3.8 	3.9 	3.7 
	6月	June		6694 	3924 	2770 	6449 	3775 	2675 	5549 	3240 	2309 	244 	149 	95 	4366 	1424 	2941 	3.7 	3.8 	3.4 
	7月	July		6682 	3922 	2761 	6443 	3776 	2667 	5546 	3243 	2304 	240 	147 	93 	4380 	1428 	2952 	3.6 	3.8 	3.4 
	8月	Aug.		6677 	3912 	2765 	6429 	3766 	2664 	5547 	3241 	2306 	248 	146 	101 	4389 	1440 	2948 	3.7 	3.7 	3.7 
	9月	Sept.		6670 	3915 	2756 	6408 	3760 	2649 	5514 	3233 	2282 	262 	154 	106 	4394 	1437 	2957 	3.9 	4.0 	3.9 
	10月	Oct.		6686 	3918 	2769 	6420 	3760 	2661 	5526 	3228 	2297 	265 	157 	107 	4381 	1435 	2945 	4.0 	4.0 	3.9 
	11月	Nov.		6703 	3915 	2788 	6447 	3762 	2684 	5565 	3235 	2329 	255 	152 	103 	4365 	1439 	2926 	3.8 	3.9 	3.7 
	12月	Dec.		6702 	3909 	2794 	6450 	3759 	2692 	5553 	3234 	2319 	251 	149 	102 	4374 	1447 	2927 	3.7 	3.8 	3.7 
平成20年	1月	Jan.		6683 	3910 	2773 	6424 	3754 	2670 	5530 	3219 	2310 	261 	157 	104 	4394 	1446 	2947 	3.9 	4.0 	3.8 
2008	2月	Feb.		6669 	3913 	2756 	6406 	3755 	2651 	5519 	3220 	2299 	267 	161 	107 	4406 	1443 	2964 	4.0 	4.1 	3.9 
	3月	Mar.		6672 	3899 	2774 	6413 	3748 	2666 	5527 	3221 	2307 	256 	150 	108 	4403 	1455 	2945 	3.8 	3.9 	3.9 
	4月	Apr.		6690 	3908 	2783 	6426 	3754 	2674 	5546 	3226 	2321 	263 	153 	110 	4386 	1447 	2938 	3.9 	3.9 	3.9 
	5月	May		6694 	3921 	2774 	6429 	3760 	2671 	5556 	3235 	2321 	264 	161 	104 	4384 	1436 	2948 	4.0 	4.1 	3.7 
	6月	June		6689 	3904 	2786 	6424 	3744 	2679 	5561 	3225 	2336 	266 	160 	108 	4390 	1455 	2935 	4.0 	4.1 	3.8 
	7月	July		6667 	3892 	2775 	6406 	3739 	2668 	5550 	3226 	2324 	262 	155 	108 	4415 	1466 	2951 	3.9 	4.0 	3.9 
	8月	Aug.		6672 	3911 	2763 	6403 	3748 	2657 	5558 	3237 	2322 	270 	164 	107 	4411 	1448 	2963 	4.1 	4.2 	3.9 
	9月	Sept.		6653 	3896 	2758 	6390 	3738 	2652 	5543 	3229 	2314 	264 	157 	107 	4433 	1464 	2969 	4.0 	4.1 	3.8 
	10月	Oct.		6648 	3897 	2752 	6396 	3743 	2653 	5553 	3237 	2317 	251 	154 	99 	4436 	1463 	2975 	3.8 	4.0 	3.6 
	11月	Nov.		6676 	3902 	2775 	6410 	3741 	2668 	5558 	3229 	2329 	266 	160 	107 	4410 	1458 	2952 	4.0 	4.1 	3.8 
	12月	Dec.		6681 	3900 	2781 	6391 	3725 	2665 	5550 	3214 	2336 	292 	176 	117 	4407 	1461 	2946 	4.4 	4.5 	4.2 
平成21年	1月	Jan.		6677 	3887 	2790 	6394 	3720 	2673 	5534 	3207 	2327 	285 	169 	118 	4410 	1472 	2938 	4.3 	4.4 	4.2 
2009	2月	Feb.		6677 	3885 	2792 	6377 	3708 	2669 	5520 	3201 	2321 	303 	178 	127 	4413 	1476 	2938 	4.6 	4.6 	4.5 
	3月	Mar.		6652 	3880 	2774 	6325 	3688 	2639 	5482 	3178 	2303 	321 	189 	135 	4438 	1482 	2955 	4.8 	4.9 	4.8 
	4月	Apr.		6660 	3884 	2777 	6327 	3682 	2648 	5486 	3172 	2315 	328 	200 	130 	4434 	1480 	2954 	5.0 	5.2 	4.7 
	5月	May		6652 	3879 	2774 	6311 	3670 	2642 	5475 	3167 	2310 	339 	207 	134 	4443 	1485 	2957 	5.1 	5.4 	4.8 
	6月	June		6634 	3860 	2776 	6289 	3647 	2644 	5464 	3153 	2313 	346 	212 	133 	4460 	1504 	2955 	5.2 	5.5 	4.8 
	7月	July		6646 	3865 	2783 	6287 	3642 	2645 	5482 	3158 	2325 	364 	225 	138 	4452 	1498 	2953 	5.5 	5.9 	4.9 
	8月	Aug.		6666 	3866 	2800 	6309 	3647 	2662 	5494 	3159 	2337 	358 	221 	137 	4435 	1497 	2938 	5.4 	5.7 	4.9 
	9月	Sept.		6658 	3860 	2798 	6301 	3645 	2656 	5489 	3153 	2338 	356 	214 	142 	4443 	1504 	2939 	5.4 	5.6 	5.0 
	10月	Oct.		6631 	3858 	2773 	6287 	3650 	2638 	5481 	3159 	2323 	343 	207 	135 	4471 	1506 	2965 	5.2 	5.4 	4.9 
	11月	Nov.		6630 	3854 	2776 	6286 	3645 	2641 	5477 	3159 	2319 	345 	210 	137 	4473 	1510 	2964 	5.2 	5.5 	4.9 
	12月	Dec.		6626 	3850 	2776 	6290 	3648 	2641 	5488 	3163 	2325 	340 	203 	139 	4473 	1513 	2962 	5.2 	5.3 	5.0 
平成22年	1月	Jan.		6643 	3861 	2783 	6314 	3659 	2653 	5503 	3170 	2333 	333 	203 	132 	4455 	1500 	2955 	5.0 	5.3 	4.7 
2010	2月	Feb.		6620 	3843 	2777 	6294 	3638 	2655 	5492 	3152 	2340 	330 	206 	125 	4477 	1517 	2960 	5.0 	5.4 	4.5 
	3月	Mar.		6639 	3862 	2779 	6297 	3647 	2654 	5509 	3167 	2345 	335 	212 	127 	4460 	1499 	2962 	5.1 	5.5 	4.5 
	4月	Apr.		6625 	3851 	2776 	6285 	3642 	2646 	5485 	3160 	2328 	335 	207 	130 	4474 	1510 	2964 	5.1 	5.4 	4.7 
	5月	May		6620 	3843 	2781 	6281 	3632 	2652 	5472 	3147 	2326 	337 	210 	129 	4482 	1521 	2961 	5.1 	5.5 	4.6 
	6月	June		6625 	3857 	2770 	6285 	3646 	2641 	5468 	3155 	2314 	341 	212 	130 	4481 	1506 	2976 	5.2 	5.5 	4.7 
	7月	July		6631 	3854 	2779 	6302 	3650 	2654 	5497 	3160 	2339 	332 	205 	126 	4472 	1509 	2963 	5.0 	5.4 	4.5 
	8月	Aug.		6638 	3852 	2787 	6304 	3647 	2659 	5504 	3158 	2347 	334 	205 	129 	4474 	1516 	2958 	5.1 	5.4 	4.6 
	9月	Sept.		6657 	3857 	2801 	6319 	3645 	2676 	5533 	3164 	2370 	338 	213 	126 	4451 	1508 	2943 	5.1 	5.6 	4.5 
	10月	Oct.		6643 	3844 	2800 	6307 	3636 	2672 	5524 	3164 	2362 	335 	208 	128 	4466 	1521 	2946 	5.1 	5.4 	4.6 
	11月	Nov.		6616 	3836 	2780 	6286 	3632 	2654 	5496 	3150 	2346 	331 	205 	127 	4493 	1527 	2966 	5.0 	5.4 	4.5 
	12月	Dec.		6626 	3845 	2783 	6307 	3646 	2662 	5514 	3160 	2355 	321 	200 	122 	4487 	1521 	2968 	4.9 	5.2 	4.4 
平成23年	1月	Jan.		6637 	3846 	2791 	6319 	3647 	2672 	5540 	3166 	2374 	319 	200 	120 	4478 	1519 	2960 	4.8 	5.2 	4.3 
2011	2月	Feb.		6637 	3845 	2790 	6329 	3657 	2669 	5557 	3184 	2372 	310 	189 	122 	4482 	1522 	2960 	4.7 	4.9 	4.4 
	3月	Mar.		6601	3832	2769	6287	3641	2649	5501	3166	2340	310	190	120	4515	1532	2983	4.7	5.0	4.3
※注_Notes	4月	Apr.		6597	3834	2762	6287	3642	2647	5502	3167	2336	308	193	115	4521	1529	2991	4.7	5.0	4.2
	5月	May		6591	3828	2760	6285	3639	2646	5520	3173	2347	305	191	114	4530	1535	2995	4.6	5.0	4.1
	6月	June		6592	3821	2771	6282	3635	2649	5513	3167	2346	310	188	121	4525	1542	2982	4.7	4.9	4.4
	7月	July		6595	3826	2767	6284	3638	2648	5482	3153	2330	310	190	119	4524	1539	2986	4.7	5.0	4.3
	8月	Aug.		6568	3810	2757	6277	3635	2641	5475	3150	2326	293	178	115	4530	1547	2985	4.5	4.7	4.2
	9月	Sept.		6568 	3804 	2763 	6289 	3633 	2657 	5505 	3159 	2346 	278 	172 	106 	4538 	1557 	2982 	4.2 	4.5 	3.8 
	10月	Oct.		6577 	3805 	2771 	6285 	3624 	2661 	5497 	3147 	2351 	290 	181 	109 	4534 	1558 	2977 	4.4 	4.8 	3.9 
	11月	Nov.		6588 	3817 	2770 	6294 	3636 	2657 	5519 	3162 	2356 	293 	181 	112 	4522 	1545 	2977 	4.5 	4.7 	4.1 
	12月	Dec.		6597 	3829 	2768 	6301 	3643 	2657 	5532 	3171 	2360 	297 	187 	111 	4515 	1536 	2979 	4.5 	4.9 	4.0 
平成24年	1月	Jan.		6573 	3813 	2759 	6275 	3633 	2641 	5513 	3165 	2346 	297 	180 	118 	4539 	1552 	2987 	4.5 	4.7 	4.3 
2012	2月	Feb.		6581 	3810 	2770 	6287 	3631 	2653 	5514 	3161 	2351 	295 	180 	116 	4529 	1552 	2978 	4.5 	4.7 	4.2 
	3月	Mar.		6567 	3803 	2766 	6269 	3621 	2651 	5493 	3150 	2344 	296 	180 	117 	4544 	1561 	2982 	4.5 	4.8 	4.2 
	4月	Apr.		6571 	3800 	2772 	6274 	3618 	2658 	5500 	3145 	2357 	295 	181 	115 	4539 	1564 	2974 	4.5 	4.8 	4.1 
	5月	May		6556 	3788 	2769 	6265 	3613 	2655 	5493 	3138 	2358 	289 	174 	114 	4547 	1572 	2976 	4.4 	4.6 	4.1 
	6月	June		6566 	3798 	2767 	6281 	3625 	2657 	5518 	3152 	2367 	284 	173 	110 	4538 	1561 	2977 	4.3 	4.6 	4.0 
	7月	July		6567 	3793 	2775 	6282 	3621 	2663 	5520 	3152 	2367 	285 	173 	112 	4540 	1568 	2971 	4.3 	4.6 	4.0 
	8月	Aug.		6562 	3788 	2774 	6285 	3618 	2668 	5527 	3153 	2373 	276 	169 	106 	4549 	1574 	2975 	4.2 	4.5 	3.8 
	9月	Sept.		6557 	3792 	2764 	6279 	3623 	2656 	5511 	3156 	2355 	277 	169 	108 	4552 	1568 	2983 	4.2 	4.5 	3.9 
	10月	Oct.		6571 	3800 	2771 	6299 	3637 	2662 	5531 	3169 	2362 	272 	163 	109 	4535 	1560 	2976 	4.1 	4.3 	3.9 
	11月	Nov.		6563 	3789 	2774 	6293 	3625 	2668 	5537 	3163 	2375 	270 	164 	105 	4542 	1571 	2972 	4.1 	4.3 	3.8 
	12月	Dec.		6542 	3773 	2768 	6263 	3604 	2659 	5495 	3134 	2360 	279 	170 	109 	4560 	1584 	2977 	4.3 	4.5 	3.9 
平成25年	1月	Jan.		6576 	3782 	2791 	6297 	3611 	2685 	5525 	3145 	2379 	277 	172 	106 	4525 	1574 	2953 	4.2 	4.5 	3.8 
2013	2月	Feb.		6588 	3785 	2803 	6305 	3613 	2691 	5545 	3148 	2395 	282 	173 	110 	4512 	1572 	2941 	4.3 	4.6 	3.9 
	3月	Mar.		6581 	3780 	2801 	6309 	3609 	2702 	5538 	3139 	2401 	272 	172 	101 	4520 	1578 	2941 	4.1 	4.5 	3.6 
	4月	Apr.		6598 	3785 	2813 	6325 	3619 	2708 	5565 	3157 	2410 	273 	167 	107 	4504 	1574 	2930 	4.1 	4.4 	3.8 
	5月	May		6590 	3785 	2805 	6317 	3622 	2697 	5563 	3160 	2404 	272 	165 	109 	4512 	1574 	2937 	4.1 	4.3 	3.9 
	6月	June		6570 	3785 	2784 	6312 	3627 	2687 	5563 	3164 	2400 	257 	160 	99 	4532 	1574 	2958 	3.9 	4.2 	3.5 
	7月	July		6573 	3785 	2788 	6319 	3624 	2695 	5572 	3166 	2406 	252 	161 	93 	4529 	1575 	2954 	3.8 	4.2 	3.3 
	8月	Aug.		6592 	3784 	2808 	6322 	3618 	2705 	5583 	3167 	2416 	269 	167 	104 	4512 	1576 	2936 	4.1 	4.4 	3.7 
	9月	Sept.		6594 	3780 	2814 	6333 	3620 	2714 	5567 	3149 	2419 	259 	161 	100 	4511 	1580 	2932 	3.9 	4.2 	3.5 
	10月	Oct.		6612 	3782 	2828 	6346 	3623 	2723 	5582 	3149 	2433 	265 	160 	106 	4492 	1576 	2916 	4.0 	4.2 	3.7 
	11月	Nov.		6634 	3791 	2842 	6374 	3636 	2738 	5603 	3167 	2436 	258 	156 	105 	4469 	1567 	2903 	3.9 	4.1 	3.7 
	12月	Dec.		6601 	3766 	2834 	6357 	3622 	2735 	5589 	3156 	2432 	242 	144 	100 	4504 	1593 	2911 	3.7 	3.8 	3.5 
平成26年	1月	Jan.		6574 	3759 	2814 	6332 	3616 	2716 	5573 	3152 	2421 	240 	145 	98 	4529 	1598 	2930 	3.7 	3.8 	3.5 
2014	2月	Feb.		6591 	3771 	2818 	6352 	3630 	2722 	5580 	3156 	2423 	235 	142 	96 	4512 	1587 	2926 	3.6 	3.7 	3.4 
	3月	Mar.		6611 	3792 	2820 	6370 	3649 	2723 	5604 	3179 	2425 	241 	144 	99 	4490 	1567 	2922 	3.7 	3.8 	3.5 
	4月	Apr.		6603 	3785 	2817 	6363 	3641 	2724 	5595 	3168 	2428 	239 	146 	95 	4498 	1573 	2925 	3.6 	3.8 	3.4 
	5月	May		6619 	3787 	2833 	6383 	3646 	2737 	5608 	3176 	2433 	235 	141 	96 	4484 	1573 	2910 	3.6 	3.7 	3.4 
	6月	June		6612 	3776 	2836 	6367 	3631 	2738 	5611 	3173 	2439 	243 	146 	98 	4490 	1584 	2906 	3.7 	3.9 	3.4 
	7月	July		6615 	3779 	2836 	6369 	3635 	2734 	5625 	3177 	2449 	246 	145 	103 	4489 	1580 	2909 	3.7 	3.8 	3.6 
	8月	Aug.		6610 	3784 	2826 	6379 	3644 	2735 	5624 	3178 	2446 	228 	140 	91 	4495 	1575 	2918 	3.5 	3.7 	3.2 
	9月	Sept.		6615 	3779 	2835 	6381 	3641 	2740 	5632 	3179 	2453 	232 	139 	97 	4490 	1581 	2908 	3.5 	3.7 	3.4 
	10月	Oct.		6613 	3770 	2843 	6375 	3627 	2750 	5618 	3163 	2454 	236 	143 	95 	4488 	1589 	2899 	3.6 	3.8 	3.3 
	11月	Nov.		6614 	3764 	2848 	6385 	3625 	2759 	5632 	3162 	2470 	226 	140 	89 	4490 	1597 	2894 	3.4 	3.7 	3.1 
	12月	Dec.		6626 	3769 	2855 	6398 	3636 	2763 	5651 	3177 	2475 	224 	134 	93 	4479 	1591 	2887 	3.4 	3.5 	3.2 
平成27年	1月	Jan.		6613 	3778 	2836 	6378 	3637 	2743 	5637 	3175 	2461 	234 	142 	94 	4489 	1583 	2905 	3.6 	3.8 	3.3 
2015	2月	Feb.		6631 	3782 	2848 	6400 	3645 	2757 	5639 	3173 	2466 	230 	138 	93 	4473 	1579 	2894 	3.5 	3.6 	3.2 
	3月	Mar.		6624 	3777 	2846 	6398 	3641 	2758 	5650 	3175 	2474 	225 	138 	89 	4479 	1583 	2897 	3.4 	3.6 	3.1 
	4月	Apr.		6599 	3761 	2838 	6377 	3630 	2749 	5632 	3167 	2465 	221 	132 	90 	4506 	1601 	2906 	3.4 	3.5 	3.2 
	5月	May		6612 	3764 	2848 	6392 	3631 	2764 	5647 	3168 	2478 	218 	134 	86 	4492 	1597 	2895 	3.3 	3.5 	3.0 
	6月	June		6629 	3771 	2858 	6406 	3635 	2771 	5665 	3178 	2487 	222 	137 	87 	4480 	1590 	2889 	3.4 	3.6 	3.0 
	7月	July		6618 	3766 	2850 	6395 	3635 	2761 	5657 	3178 	2482 	220 	132 	91 	4485 	1594 	2891 	3.3 	3.5 	3.2 
	8月	Aug.		6621 	3768 	2852 	6398 	3636 	2762 	5666 	3183 	2483 	222 	132 	91 	4483 	1593 	2889 	3.4 	3.5 	3.2 
	9月	Sept.		6649 	3782 	2867 	6422 	3646 	2777 	5687 	3188 	2498 	225 	136 	90 	4456 	1581 	2876 	3.4 	3.6 	3.1 
	10月	Oct.		6636 	3775 	2861 	6424 	3645 	2779 	5694 	3194 	2500 	211 	130 	81 	4470 	1588 	2884 	3.2 	3.4 	2.8 
	11月	Nov.		6620 	3769 	2851 	6404 	3639 	2765 	5681 	3190 	2491 	216 	130 	86 	4484 	1592 	2891 	3.3 	3.4 	3.0 
	12月	Dec.		6646 	3780 	2866 	6429 	3647 	2782 	5702 	3195 	2506 	216 	134 	83 	4457 	1581 	2876 	3.3 	3.5 	2.9 
平成28年	1月	Jan.		6680 	3784 	2896 	6466 	3653 	2812 	5736 	3202 	2534 	215 	130 	84 	4427 	1579 	2848 	3.2 	3.5 	2.9 
2016	2月	Feb.		6648 	3774 	2874 	6431 	3640 	2791 	5730 	3205 	2526 	218 	135 	83 	4456 	1588 	2867 	3.3 	3.6 	2.9 
	3月	Mar.		6629 	3758 	2872 	6416 	3629 	2787 	5719 	3195 	2523 	214 	129 	85 	4479 	1607 	2872 	3.2 	3.4 	3.0 
	4月	Apr.		6644 	3774 	2870 	6430 	3647 	2783 	5733 	3213 	2520 	213 	128 	86 	4461 	1589 	2872 	3.2 	3.4 	3.0 
	5月	May		6651 	3780 	2871 	6441 	3653 	2788 	5741 	3217 	2525 	211 	127 	83 	4455 	1583 	2872 	3.2 	3.4 	2.9 
	6月	June		6686 	3784 	2900 	6476 	3662 	2815 	5739 	3199 	2540 	208 	122 	86 	4420 	1579 	2841 	3.1 	3.2 	2.9 
	7月	July		6694 	3783 	2911 	6491 	3662 	2829 	5741 	3200 	2540 	202 	120 	81 	4411 	1581 	2831 	3.0 	3.2 	2.8 
	8月	Aug.		6687 	3782 	2905 	6478 	3654 	2824 	5745 	3202 	2543 	209 	128 	81 	4418 	1581 	2838 	3.1 	3.4 	2.8 
	9月	Sept.		6680 	3781 	2899 	6479 	3656 	2823 	5768 	3216 	2553 	201 	125 	76 	4420 	1579 	2841 	3.0 	3.3 	2.6 
	10月	Oct.		6684 	3788 	2896 	6486 	3668 	2818 	5781 	3226 	2555 	198 	120 	79 	4420 	1574 	2845 	3.0 	3.2 	2.7 
	11月	Nov.		6681 	3784 	2898 	6479 	3663 	2817 	5766 	3220 	2546 	202 	120 	82 	4422 	1578 	2843 	3.0 	3.2 	2.8 
	12月	Dec.		6713 	3799 	2914 	6510 	3674 	2837 	5806 	3234 	2572 	204 	126 	76 	4391 	1564 	2826 	3.0 	3.3 	2.6 
平成29年	1月	Jan.		6712 	3795 	2916 	6511 	3673 	2837 	5794 	3223 	2572 	202 	123 	79 	4393 	1568 	2825 	3.0 	3.2 	2.7 
2017	2月	Feb.		6674 	3772 	2901 	6481 	3657 	2824 	5777 	3219 	2558 	194 	117 	78 	4430 	1590 	2840 	2.9 	3.1 	2.7 
	3月	Mar.		6666 	3768 	2899 	6481 	3660 	2821 	5775 	3220 	2555 	185 	108 	77 	4438 	1594 	2844 	2.8 	2.9 	2.7 
	4月	Apr.		6695 	3777 	2919 	6508 	3667 	2841 	5786 	3216 	2571 	186 	108 	78 	4405 	1586 	2820 	2.8 	2.9 	2.7 
	5月	May		6725 	3787 	2938 	6519 	3666 	2853 	5800 	3213 	2587 	205 	121 	84 	4377 	1577 	2802 	3.0 	3.2 	2.9 
	6月	June		6730 	3783 	2948 	6540 	3673 	2868 	5829 	3230 	2599 	190 	110 	79 	4365 	1578 	2788 	2.8 	2.9 	2.7 
	7月	July		6740 	3792 	2949 	6550 	3675 	2874 	5833 	3234 	2598 	190 	115 	74 	4362 	1570 	2792 	2.8 	3.0 	2.5 
	8月	Aug.		6744 	3793 	2953 	6558 	3680 	2878 	5840 	3236 	2604 	186 	112 	75 	4357 	1569 	2788 	2.8 	2.9 	2.5 
	9月	Sept.		6742 	3793 	2950 	6555 	3684 	2872 	5846 	3247 	2598 	187 	109 	78 	4361 	1569 	2791 	2.8 	2.9 	2.6 
	10月	Oct.		6730 	3786 	2944 	6547 	3679 	2868 	5843 	3242 	2602 	184 	107 	77 	4371 	1576 	2794 	2.7 	2.8 	2.6 
	11月	Nov.		6734 	3775 	2959 	6552 	3667 	2884 	5852 	3234 	2618 	183 	108 	75 	4367 	1586 	2780 	2.7 	2.9 	2.5 
	12月	Dec.		6746 	3781 	2965 	6563 	3675 	2888 	5852 	3239 	2613 	184 	106 	78 	4352 	1580 	2773 	2.7 	2.8 	2.6 
平成30年	1月	Jan.		6770 	3796 	2973 	6605 	3699 	2908 	5884 	3259 	2625 	163 	99 	66 	4326 	1562 	2763 	2.4 	2.6 	2.2 
2018	2月	Feb.		6804 	3804 	3000 	6632 	3704 	2929 	5897 	3250 	2647 	172 	101 	71 	4294 	1556 	2738 	2.5 	2.7 	2.4 
	3月	Mar.		6834 	3813 	3021 	6665 	3714 	2951 	5917 	3253 	2666 	170 	100 	69 	4261 	1546 	2716 	2.5 	2.6 	2.3 
	4月	Apr.		6848 	3819 	3027 	6676 	3714 	2962 	5941 	3256 	2685 	170 	105 	65 	4247 	1539 	2710 	2.5 	2.7 	2.1 
	5月	May		6826 	3817 	3008 	6672 	3726 	2946 	5936 	3264 	2672 	153 	91 	62 	4264 	1540 	2726 	2.2 	2.4 	2.1 
	6月	June		6816 	3817 	2998 	6649 	3719 	2929 	5925 	3267 	2658 	166 	98 	69 	4282 	1543 	2740 	2.4 	2.6 	2.3 
	7月	July		6821 	3810 	3013 	6649 	3705 	2944 	5944 	3260 	2685 	171 	103 	69 	4269 	1548 	2720 	2.5 	2.7 	2.3 
	8月	Aug.		6832 	3811 	3022 	6665 	3711 	2954 	5951 	3263 	2687 	168 	99 	70 	4256 	1546 	2709 	2.5 	2.6 	2.3 
	9月	Sept.		6835 	3816 	3021 	6677 	3722 	2955 	5951 	3268 	2682 	159 	93 	67 	4254 	1541 	2712 	2.3 	2.4 	2.2 
	10月	Oct.		6853 	3822 	3032 	6690 	3723 	2967 	5963 	3274 	2687 	165 	100 	65 	4240 	1535 	2703 	2.4 	2.6 	2.1 
	11月	Nov.		6874 	3842 	3031 	6702 	3740 	2962 	5965 	3284 	2681 	174 	103 	70 	4219 	1515 	2702 	2.5 	2.7 	2.3 
	12月	Dec.		6845 	3831 	3016 	6678 	3731 	2948 	5955 	3278 	2677 	169 	100 	68 	4246 	1527 	2717 	2.5 	2.6 	2.3 
平成31年	1月	Jan.		6847 	3811 	3037 	6676 	3712 	2965 	5962 	3265 	2699 	171 	99 	72 	4243 	1546 	2696 	2.5 	2.6 	2.4 
2019	2月	Feb.		6872 	3828 	3044 	6710 	3733 	2977 	5982 	3281 	2702 	162 	96 	67 	4215 	1529 	2686 	2.4 	2.5 	2.2 
	3月	Mar.		6896 	3834 	3061 	6727 	3735 	2993 	5990 	3278 	2712 	169 	102 	67 	4190 	1521 	2670 	2.5 	2.7 	2.2 
	4月	Apr.		6878 	3821 	3056 	6709 	3725 	2984 	5978 	3275 	2705 	165 	95 	69 	4204 	1534 	2674 	2.4 	2.5 	2.3 
令和元年	5月	May		6870 	3822 	3046 	6707 	3728 	2980 	5998 	3292 	2706 	160 	94 	65 	4210 	1532 	2682 	2.3 	2.5 	2.1 
	6月	June		6876 	3826 	3047 	6715 	3730 	2985 	6014 	3294 	2719 	160 	97 	62 	4203 	1527 	2680 	2.3 	2.5 	2.0 
	7月	July		6880 	3829 	3054 	6724 	3734 	2991 	6025 	3297 	2727 	155 	92 	64 	4203 	1526 	2674 	2.3 	2.4 	2.1 
	8月	Aug.		6887 	3833 	3056 	6733 	3738 	2995 	6022 	3295 	2726 	155 	93 	63 	4197 	1522 	2673 	2.3 	2.4 	2.1 
	9月	Sept.		6897 	3829 	3070 	6733 	3729 	3004 	6006 	3275 	2731 	166 	99 	67 	4179 	1523 	2654 	2.4 	2.6 	2.2 
	10月	Oct.		6913 	3834 	3080 	6752 	3740 	3011 	6014 	3278 	2736 	165 	96 	69 	4169 	1520 	2647 	2.4 	2.5 	2.3 
	11月	Nov.		6901 	3838 	3064 	6745 	3747 	2998 	6021 	3288 	2733 	157 	91 	65 	4181 	1517 	2663 	2.3 	2.4 	2.1 
	12月	Dec.		6912 	3837 	3075 	6757 	3743 	3013 	6037 	3292 	2744 	155 	93 	63 	4173 	1520 	2652 	2.2 	2.4 	2.0 
令和 2年	1月	Jan.		6907 	3836 	3072 	6741 	3739 	3004 	6030 	3298 	2735 	164 	96 	68 	4178 	1520 	2656 	2.4 	2.5 	2.2 
2020	2月	Feb.		6909 	3837 	3073 	6743 	3739 	3005 	6045 	3301 	2745 	166 	99 	67 	4175 	1519 	2655 	2.4 	2.6 	2.2 
	3月	Mar.		6906 	3836 	3069 	6737 	3737 	3000 	6047 	3305 	2743 	170 	102 	68 	4174 	1519 	2657 	2.5 	2.7 	2.2 
	4月	Apr.		6812 	3809 	3001 	6629 	3698 	2930 	5939 	3270 	2669 	176 	108 	67 	4260 	1544 	2721 	2.6 	2.8 	2.2 
	5月	May		6829 	3804 	3022 	6633 	3687 	2945 	5925 	3251 	2673 	192 	118 	74 	4244 	1549 	2701 	2.8 	3.1 	2.4 
	6月	June		6837 	3805 	3028 	6642 	3691 	2951 	5923 	3246 	2676 	192 	116 	76 	4235 	1546 	2693 	2.8 	3.0 	2.5 
	7月	July		6848 	3829 	3023 	6651 	3709 	2941 	5933 	3261 	2671 	196 	115 	82 	4223 	1521 	2699 	2.9 	3.0 	2.7 
	8月	Aug.		6861 	3830 	3034 	6658 	3709 	2949 	5943 	3258 	2684 	204 	118 	88 	4207 	1519 	2687 	3.0 	3.1 	2.9 
	9月	Sept.		6861 	3825 	3038 	6656 	3700 	2956 	5953 	3259 	2694 	207 	124 	84 	4211 	1525 	2683 	3.0 	3.2 	2.8 
	10月	Oct.		6869 	3825 	3045 	6659 	3695 	2963 	5967 	3262 	2704 	215 	131 	84 	4194 	1521 	2672 	3.1 	3.4 	2.7 
	11月	Nov.		6885 	3823 	3062 	6684 	3698 	2985 	5988 	3266 	2722 	205 	127 	78 	4176 	1521 	2653 	3.0 	3.3 	2.6 
	12月	Dec.		6887 	3821 	3066 	6683 	3698 	2984 	5979 	3259 	2719 	210 	124 	85 	4173 	1520 	2650 	3.0 	3.2 	2.8 
令和 3年	1月	Jan.		6898 	3833 	3066 	6694 	3710 	2986 	5989 	3270 	2722 	203 	123 	81 	4167 	1511 	2655 	2.9 	3.2 	2.6 
2021	2月	Feb.		6898 	3826 	3072 	6697 	3710 	2989 	6001 	3277 	2723 	203 	118 	85 	4157 	1511 	2644 	2.9 	3.1 	2.8 
	3月	Mar.		6865 	3800 	3064 	6684 	3695 	2990 	6003 	3270 	2735 	180 	108 	73 	4181 	1533 	2650 	2.6 	2.8 	2.4 
	4月	Apr.		6862 	3806 	3054 	6658 	3681 	2978 	5960 	3245 	2716 	194 	122 	71 	4175 	1524 	2656 	2.8 	3.2 	2.3 
	5月	May		6856 	3797 	3055 	6645 	3675 	2971 	5955 	3242 	2714 	204 	123 	81 	4192 	1538 	2658 	3.0 	3.2 	2.7 
	6月	June		6871 	3802 	3064 	6666 	3687 	2979 	5975 	3255 	2720 	202 	118 	84 	4165 	1526 	2643 	2.9 	3.1 	2.7 
	7月	July		6899 	3831 	3072 	6708 	3708 	3000 	5984 	3260 	2723 	190 	119 	74 	4134 	1497 	2633 	2.8 	3.1 	2.4 
	8月	Aug.																			
	9月	Sept.																			
	10月	Oct.																			
	11月	Nov.																			
	12月	Dec.																			
